Mass/Charge	Intensity
50	0
50.12	0
50.24	0
50.36	0
50.48	0
50.6	0
50.72	0
50.84	0
50.96	0
51.08	0
51.2	0
51.32	0
51.44	0
51.56	0
51.68	0
51.8	0
51.92	0
52.04	0
52.16	0
52.28	0
52.3999999999999	0
52.5199999999999	0
52.6399999999999	0
52.7599999999999	0
52.8799999999999	0
52.9999999999999	0
53.1199999999999	0
53.2399999999999	0
53.3599999999999	0
53.4799999999999	0
53.5999999999999	0
53.7199999999999	0
53.8399999999999	0
53.9599999999999	0
54.0799999999999	0
54.1999999999999	0
54.3199999999999	0
54.4399999999999	0
54.5599999999999	0
54.6799999999999	0
54.7999999999999	0
54.9199999999999	0
55.0399999999999	0
55.1599999999999	0
55.2799999999999	0
55.3999999999999	0
55.5199999999999	0
55.6399999999999	0
55.7599999999999	0
55.8799999999999	0
55.9999999999999	0
56.1199999999999	0
56.2399999999999	0
56.3599999999999	0
56.4799999999999	0
56.5999999999999	0
56.7199999999999	0
56.8399999999999	0
56.9599999999999	0
57.0799999999998	0
57.1999999999998	0
57.3199999999998	0
57.4399999999998	0
57.5599999999998	0
57.6799999999998	0
57.7999999999998	0
57.9199999999998	0
58.0399999999998	0
58.1599999999998	0
58.2799999999998	0
58.3999999999998	0
58.5199999999998	0
58.6399999999998	0
58.7599999999998	0
58.8799999999998	0
58.9999999999998	0
59.1199999999998	0
59.2399999999998	0
59.3599999999998	0
59.4799999999998	0
59.5999999999998	0
59.7199999999998	0
59.8399999999998	0
59.9599999999998	0
60.0799999999998	0
60.1999999999998	0
60.3199999999998	0
60.4399999999998	0
60.5599999999998	0
60.6799999999998	0
60.7999999999998	0
60.9199999999998	0
61.0399999999998	0
61.1599999999998	0
61.2799999999998	0
61.3999999999998	0
61.5199999999998	0
61.6399999999998	0
61.7599999999997	0
61.8799999999997	0
61.9999999999997	0
62.1199999999997	0
62.2399999999997	0
62.3599999999997	0
62.4799999999997	0
62.5999999999997	0
62.7199999999997	0
62.8399999999997	0
62.9599999999997	0
63.0799999999997	0
63.1999999999997	0
63.3199999999997	0
63.4399999999997	0
63.5599999999997	0
63.6799999999997	0
63.7999999999997	0
63.9199999999997	0
64.0399999999997	0
64.1599999999997	0
64.2799999999997	0
64.3999999999997	0
64.5199999999997	0
64.6399999999997	0
64.7599999999997	0
64.8799999999997	0
64.9999999999997	0
65.1199999999997	0
65.2399999999998	0
65.3599999999998	0
65.4799999999998	0
65.5999999999998	0
65.7199999999998	0
65.8399999999998	0
65.9599999999998	0
66.0799999999998	0
66.1999999999998	0
66.3199999999998	0
66.4399999999998	0
66.5599999999998	0
66.6799999999998	0
66.7999999999998	0
66.9199999999998	0
67.0399999999998	0
67.1599999999998	0
67.2799999999998	0
67.3999999999998	0
67.5199999999998	0
67.6399999999998	0
67.7599999999998	0
67.8799999999999	0
67.9999999999999	0
68.1199999999999	0
68.2399999999999	0
68.3599999999999	0
68.4799999999999	0
68.5999999999999	0
68.7199999999999	0
68.88	20833.3331522428
69	0
69.12	0
69.24	0
69.36	0
69.48	0
69.6	0
69.72	0
69.84	0
69.96	20833.3331522428
70.08	0
70.2	0
70.32	0
70.44	0
70.56	0
70.68	0
70.8	0
70.92	0
71.04	0
71.16	20833.3331522428
71.28	0
71.4	0
71.52	0
71.64	0
71.76	0
71.88	0
72	0
72.12	0
72.24	0
72.36	0
72.48	0
72.6000000000001	0
72.7200000000001	0
72.8400000000001	0
72.9600000000001	0
73.0800000000001	0
73.2000000000001	0
73.3200000000001	0
73.4400000000001	0
73.5600000000001	0
73.6800000000001	0
73.8000000000001	0
73.9200000000001	0
74.0400000000001	0
74.1600000000001	0
74.2800000000001	0
74.4000000000001	0
74.5200000000001	0
74.6400000000001	0
74.7600000000001	0
74.8800000000001	0
75.0000000000001	0
75.1200000000001	0
75.2400000000002	0
75.3600000000002	0
75.4800000000002	0
75.6000000000002	0
75.7200000000002	0
75.8400000000002	0
75.9600000000002	0
76.0800000000002	0
76.2000000000002	0
76.3200000000002	0
76.4400000000002	0
76.5600000000002	0
76.6800000000002	0
76.8000000000002	0
76.9200000000002	0
77.0400000000002	0
77.1600000000002	0
77.2800000000002	0
77.4000000000002	0
77.5200000000002	0
77.6400000000002	0
77.7600000000002	0
77.8800000000003	0
78.0000000000003	0
78.1200000000003	0
78.2400000000003	0
78.3600000000003	0
78.4800000000003	0
78.6000000000003	0
78.7200000000003	0
78.8400000000003	0
78.96	20833.3331522428
79.08	0
79.2	0
79.32	0
79.44	0
79.56	0
79.68	0
79.8	0
79.92	0
80.04	0
80.16	0
80.28	0
80.4	0
80.5200000000001	0
80.6400000000001	0
80.7600000000001	0
80.8800000000001	0
81.0000000000001	0
81.1200000000001	0
81.2400000000001	0
81.3600000000001	0
81.4800000000001	0
81.6000000000001	0
81.7200000000001	0
81.8400000000001	0
81.9600000000001	0
82.0800000000001	0
82.2000000000001	0
82.3200000000001	0
82.4400000000001	0
82.5600000000001	0
82.6800000000001	0
82.8000000000001	0
82.9200000000001	0
83.0400000000001	0
83.1600000000002	0
83.2800000000002	0
83.4000000000002	0
83.52	20833.3331522428
83.64	0
83.76	0
83.88	41666.6663044857
84	83333.3326089713
84.12	104166.665761214
84.24	20833.3331522428
84.36	20833.3331522428
84.48	20833.3331522428
84.6	0
84.72	0
84.84	0
84.96	0
85.08	0
85.2	0
85.32	0
85.44	0
85.56	0
85.68	0
85.8000000000001	0
85.9200000000001	0
86.0400000000001	0
86.1600000000001	0
86.2800000000001	0
86.4000000000001	0
86.5200000000001	0
86.6400000000001	0
86.7600000000001	0
86.8800000000001	0
87.0000000000001	0
87.1200000000001	0
87.2400000000001	0
87.3600000000001	0
87.4800000000001	0
87.6000000000001	0
87.7200000000001	0
87.8400000000001	0
87.9600000000001	0
88.0800000000001	0
88.2000000000001	0
88.3200000000001	0
88.4400000000002	0
88.5600000000002	0
88.6800000000002	0
88.8000000000002	0
88.9200000000002	0
89.0400000000002	0
89.1600000000002	0
89.2800000000002	0
89.4000000000002	0
89.5200000000002	0
89.6400000000002	0
89.7600000000002	0
89.8800000000002	0
90.0000000000002	0
90.1200000000002	0
90.2400000000002	0
90.3600000000002	0
90.4800000000002	0
90.6000000000002	0
90.7200000000002	0
90.8400000000002	0
90.9600000000002	0
91.0800000000003	0
91.2000000000003	0
91.3200000000003	0
91.4400000000003	0
91.5600000000003	0
91.6800000000003	0
91.8000000000003	0
91.9200000000003	0
92.0400000000003	0
92.1600000000003	0
92.2800000000003	0
92.4000000000003	0
92.5200000000003	0
92.6400000000003	0
92.7600000000003	0
92.8800000000003	0
93	20833.3331522428
93.12	0
93.24	0
93.36	0
93.48	0
93.6	0
93.72	0
93.84	0
93.96	0
94.08	0
94.2	0
94.3200000000001	0
94.4400000000001	0
94.5600000000001	0
94.6800000000001	0
94.8000000000001	0
94.92	20833.3331522428
95.04	0
95.16	0
95.28	0
95.4	0
95.52	0
95.64	0
95.76	0
95.88	0
96	20833.3331522428
96.12	0
96.24	0
96.36	0
96.48	0
96.6	0
96.72	0
96.84	0
96.96	0
97.08	0
97.2	0
97.3200000000001	0
97.4400000000001	0
97.5600000000001	0
97.6800000000001	0
97.8000000000001	0
97.9200000000001	0
98.0400000000001	0
98.16	20833.3331522428
98.28	0
98.4	0
98.52	0
98.64	0
98.76	0
98.88	0
99	0
99.12	0
99.24	0
99.36	0
99.48	0
99.6000000000001	0
99.7200000000001	0
99.8400000000001	0
99.9600000000001	0
100.08	0
100.2	0
100.32	0
100.44	0
100.56	0
100.68	0
100.8	0
100.92	0
101.04	0
101.16	0
101.28	0
101.4	0
101.52	0
101.64	0
101.76	0
101.88	0
102	0
102.12	0
102.24	0
102.36	0
102.48	0
102.6	0
102.72	0
102.84	41666.6663044857
102.96	83333.3326089713
103.08	41666.6663044857
103.2	0
103.32	0
103.44	0
103.56	0
103.68	20833.3331522428
103.8	41666.6663044857
103.92	20833.3331522428
104.04	0
104.16	0
104.28	0
104.4	0
104.52	0
104.64	0
104.76	0
104.88	166666.665217943
105	770833.326632985
105.12	749999.993480742
105.24	416666.663044857
105.36	145833.3320657
105.48	41666.6663044857
105.6	124999.998913457
105.72	0
105.84	0
105.96	0
106.08	0
106.2	0
106.32	0
106.44	0
106.56	0
106.68	0
106.8	0
106.92	0
107.04	0
107.16	0
107.28	0
107.4	0
107.52	0
107.64	0
107.76	0
107.88	0
108	0
108.12	20833.3331522428
108.24	0
108.36	0
108.48	0
108.6	0
108.72	0
108.84	0
108.96	0
109.08	20833.3331522428
109.2	0
109.32	0
109.44	0
109.56	0
109.68	0
109.8	0
109.92	0
110.04	0
110.16	20833.3331522428
110.28	0
110.4	0
110.52	0
110.64	0
110.76	0
110.88	0
111	0
111.12	0
111.24	0
111.36	0
111.48	0
111.6	0
111.72	0
111.84	0
111.96	0
112.08	0
112.2	0
112.32	0
112.44	0
112.56	0
112.68	0
112.8	0
112.92	0
113.04	0
113.16	0
113.28	0
113.4	0
113.52	0
113.64	0
113.76	0
113.88	0
114	0
114.12	0
114.24	0
114.36	20833.3331522428
114.48	0
114.6	0
114.72	0
114.84	0
114.96	0
115.08	0
115.2	0
115.32	0
115.44	0
115.56	0
115.68	0
115.8	0
115.92	0
116.04	0
116.16	0
116.28	0
116.4	0
116.52	0
116.64	0
116.76	0
116.88	20833.3331522428
117	20833.3331522428
117.12	0
117.24	0
117.36	0
117.48	0
117.6	0
117.72	0
117.84	0
117.96	0
118.08	0
118.2	0
118.32	0
118.44	0
118.56	0
118.68	0
118.8	0
118.92	0
119.04	0
119.16	0
119.28	20833.3331522428
119.4	0
119.52	0
119.64	0
119.76	0
119.88	62499.9994567285
120	124999.998913457
120.12	166666.665217943
120.24	62499.9994567285
120.36	20833.3331522428
120.48	20833.3331522428
120.6	0
120.72	0
120.84	0
120.96	0
121.08	0
121.2	0
121.32	20833.3331522428
121.44	0
121.56	0
121.68	0
121.8	0
121.92	0
122.04	0
122.16	0
122.28	0
122.4	0
122.52	0
122.64	0
122.76	0
122.88	0
123	0
123.12	0
123.24	0
123.36	0
123.48	0
123.6	0
123.72	0
123.84	0
123.96	0
124.08	0
124.2	0
124.32	0
124.44	0
124.56	0
124.68	0
124.8	0
124.92	0
125.04	0
125.16	0
125.28	0
125.4	0
125.52	0
125.64	0
125.76	0
125.88	0
126	0
126.12	20833.3331522428
126.24	0
126.36	0
126.48	0
126.6	0
126.72	0
126.84	0
126.96	0
127.08	20833.3331522428
127.2	0
127.32	0
127.44	0
127.56	0
127.68	0
127.8	0
127.92	0
128.04	0
128.16	0
128.28	0
128.4	0
128.52	0
128.64	0
128.76	0
128.88	0
129	0
129.12	0
129.24	0
129.36	0
129.48	0
129.6	0
129.72	0
129.84	0
129.96	0
130.08	0
130.2	0
130.32	0
130.44	0
130.56	0
130.68	0
130.8	0
130.92	0
131.04	0
131.16	20833.3331522428
131.28	0
131.4	0
131.52	0
131.64	0
131.76	0
131.88	0
132	0
132.12	0
132.24	0
132.36	0
132.48	0
132.6	0
132.72	0
132.84	0
132.96	0
133.08	0
133.2	0
133.32	0
133.44	0
133.56	0
133.68	0
133.8	0
133.92	62499.9994567285
134.04	624999.994567285
134.16	1166666.6565256
134.28	499999.995653828
134.4	229166.664674671
134.52	20833.3331522428
134.64	0
134.76	0
134.88	20833.3331522428
135	0
135.12	20833.3331522428
135.24	0
135.36	0
135.48	0
135.6	0
135.72	0
135.84	0
135.96	0
136.08	0
136.2	20833.3331522428
136.32	0
136.44	0
136.56	0
136.68	0
136.8	0
136.92	0
137.04	0
137.16	20833.3331522428
137.28	0
137.4	0
137.52	0
137.64	0
137.76	0
137.88	0
138	41666.6663044857
138.12	41666.6663044857
138.24	0
138.36	0
138.48	0
138.6	0
138.72	0
138.84	0
138.96	0
139.08	0
139.2	0
139.32	0
139.44	0
139.56	0
139.68	0
139.8	0
139.92	0
140.04	0
140.16	0
140.28	0
140.4	0
140.52	0
140.64	0
140.76	0
140.88	0
141	0
141.12	20833.3331522428
141.24	0
141.36	0
141.48	0
141.6	0
141.72	0
141.84	0
141.96	0
142.08	0
142.2	0
142.32	0
142.44	0
142.56	0
142.68	0
142.8	0
142.92	0
143.04	0
143.16	0
143.28	0
143.4	0
143.52	0
143.64	0
143.76	0
143.88	0
144	0
144.12	20833.3331522428
144.24	0
144.36	0
144.48	0
144.6	0
144.72	0
144.84	0
144.96	0
145.08	0
145.2	0
145.32	0
145.44	0
145.56	0
145.68	0
145.8	0
145.92	41666.6663044857
146.04	41666.6663044857
146.16	124999.998913457
146.28	270833.330979157
146.4	41666.6663044857
146.52	20833.3331522428
146.64	0
146.76	0
146.88	0
147	0
147.12	62499.9994567285
147.24	0
147.36	0
147.48	0
147.6	0
147.72	0
147.84	0
147.96	0
148.08	0
148.2	0
148.32	0
148.44	0
148.56	0
148.68	0
148.8	0
148.92	0
149.04	0
149.16	0
149.28	0
149.4	0
149.52	0
149.64	0
149.76	0
149.88	0
150	0
150.12	0
150.24	0
150.36	0
150.48	0
150.6	0
150.72	0
150.84	0
150.96	0
151.08	0
151.2	0
151.32	0
151.44	0
151.56	0
151.68	0
151.8	0
151.92	0
152.04	0
152.16	0
152.28	0
152.4	0
152.52	0
152.64	0
152.76	0
152.88	0
153	0
153.12	0
153.24	0
153.36	0
153.48	0
153.6	0
153.72	0
153.84	0
153.96	0
154.08	0
154.2	0
154.32	0
154.44	0
154.56	0
154.68	0
154.8	0
154.92	0
155.04	0
155.16	0
155.28	0
155.4	0
155.52	0
155.64	0
155.76	0
155.88	0
156	0
156.12	0
156.24	0
156.36	0
156.48	0
156.6	0
156.72	0
156.84	0
156.96	0
157.08	0
157.2	0
157.32	0
157.44	0
157.56	0
157.68	0
157.8	0
157.92	0
158.04	0
158.16	0
158.28	0
158.4	0
158.52	0
158.64	0
158.76	0
158.88	0
159	0
159.12	0
159.24	0
159.36	0
159.48	0
159.6	0
159.72	0
159.84	0
159.96	0
160.08	0
160.2	41666.6663044857
160.32	0
160.44	0
160.56	0
160.68	0
160.8	0
160.92	0
161.04	0
161.16	0
161.28	0
161.4	0
161.52	0
161.64	0
161.76	0
161.88	0
162	0
162.12	62499.9994567285
162.24	0
162.36	0
162.48	0
162.6	0
162.72	0
162.84	0
162.96	0
163.08	0
163.2	0
163.32	0
163.44	0
163.56	0
163.68	0
163.8	0
163.92	0
164.04	0
164.16	0
164.28	0
164.4	0
164.52	0
164.64	0
164.76	0
164.88	0
165	0
165.12	0
165.24	20833.3331522428
165.36	0
165.48	0
165.6	0
165.72	0
165.84	0
165.96	0
166.08	0
166.2	0
166.32	0
166.44	0
166.56	0
166.68	0
166.8	0
166.92	0
167.04	0
167.16	0
167.28	0
167.4	0
167.52	0
167.64	0
167.76	0
167.88	0
168	0
168.12	0
168.24	0
168.36	0
168.48	0
168.6	0
168.72	0
168.84	0
168.96	0
169.08	0
169.2	20833.3331522428
169.32	0
169.44	0
169.56	0
169.68	0
169.8	0
169.92	0
170.04	0
170.16	41666.6663044857
170.28	0
170.4	0
170.52	0
170.64	0
170.76	0
170.88	0
171	0
171.12	0
171.24	0
171.36	0
171.48	0
171.6	0
171.72	0
171.84	0
171.96	0
172.08	0
172.2	0
172.32	0
172.44	0
172.56	0
172.68	0
172.8	0
172.92	0
173.04	0
173.16	0
173.28	0
173.4	0
173.52	0
173.64	0
173.76	0
173.88	0
174	0
174.12	0
174.24	0
174.36	0
174.48	0
174.6	0
174.72	0
174.84	0
174.96	0
175.08	0
175.2	0
175.32	0
175.44	0
175.56	0
175.68	0
175.8	0
175.92	0
176.04	0
176.16	0
176.28	20833.3331522428
176.4	0
176.52	0
176.64	0
176.76	0
176.88	0
177	0
177.12	41666.6663044857
177.24	0
177.36	0
177.48	0
177.6	0
177.72	0
177.84	0
177.96	0
178.08	0
178.2	0
178.32	0
178.44	0
178.56	0
178.68	0
178.8	0
178.92	0
179.04	0
179.16	0
179.28	0
179.4	0
179.52	0
179.64	0
179.76	0
179.88	0
180	0
180.12	0
180.24	0
180.36	0
180.48	0
180.6	0
180.72	0
180.84	0
180.96	0
181.08	0
181.2	0
181.32	0
181.44	0
181.56	0
181.68	0
181.8	0
181.92	0
182.04	0
182.16	0
182.28	0
182.4	0
182.52	0
182.64	0
182.76	0
182.88	0
183	0
183.12	0
183.24	0
183.36	0
183.48	0
183.6	0
183.72	0
183.84	0
183.96	0
184.08	0
184.2	0
184.32	0
184.44	0
184.56	0
184.68	0
184.8	0
184.92	0
185.04	0
185.16	0
185.28	0
185.4	0
185.52	0
185.64	0
185.76	0
185.88	0
186	0
186.12	0
186.24	0
186.36	0
186.48	0
186.6	0
186.72	0
186.84	0
186.96	0
187.08	0
187.2	0
187.32	0
187.44	0
187.56	0
187.68	0
187.8	0
187.92	0
188.04	166666.665217943
188.16	687499.994024014
188.28	895833.325546442
188.4	124999.998913457
188.52	20833.3331522428
188.64	0
188.76	41666.6663044857
188.88	0
189	20833.3331522428
189.12	145833.3320657
189.24	208333.331522428
189.36	41666.6663044857
189.48	0
189.6	0
189.72	0
189.84	0
189.96	0
190.08	0
190.2	0
190.32	0
190.44	0
190.56	0
190.68	0
190.8	0
190.92	0
191.04	0
191.16	0
191.28	0
191.4	0
191.52	0
191.64	0
191.76	0
191.88	0
192	0
192.12	0
192.24	0
192.36	0
192.48	0
192.6	0
192.72	0
192.84	0
192.96	0
193.08	0
193.2	0
193.32	0
193.44	0
193.56	0
193.68	0
193.8	0
193.92	0
194.04	0
194.16	0
194.28	0
194.4	0
194.52	0
194.64	0
194.76	0
194.88	0
195	0
195.12	0
195.24	0
195.36	0
195.48	0
195.6	0
195.72	0
195.84	0
195.96	0
196.08	0
196.2	0
196.32	0
196.44	0
196.56	0
196.68	0
196.8	0
196.92	0
197.04	0
197.16	0
197.28	0
197.4	0
197.52	0
197.64	0
197.76	0
197.88	0
198	0
198.12	0
198.24	20833.3331522428
198.36	20833.3331522428
198.48	20833.3331522428
198.6	0
198.72	0
198.84	0
198.96	0
199.08	0
199.2	0
199.32	0
199.44	0
199.56	0
199.68	0
199.8	0
199.92	0
200.04	0
200.16	0
200.28	0
200.4	0
200.52	0
200.64	0
200.76	0
200.88	0
201	0
201.12	0
201.24	0
201.36	0
201.48	0
201.6	0
201.72	0
201.84	0
201.96	0
202.08	0
202.2	0
202.32	0
202.44	0
202.56	0
202.68	0
202.8	0
202.92	0
203.04	0
203.16	0
203.28	0
203.4	0
203.52	0
203.64	0
203.76	0
203.88	20833.3331522428
204	0
204.12	0
204.24	0
204.36	0
204.48	0
204.6	0
204.72	0
204.84	0
204.96	0
205.08	0
205.2	0
205.32	0
205.44	0
205.56	0
205.68	0
205.8	0
205.92	0
206.04	0
206.16	0
206.28	0
206.4	0
206.52	0
206.64	0
206.76	0
206.88	0
207	0
207.12	0
207.24	0
207.36	0
207.48	0
207.6	0
207.72	0
207.84	0
207.96	0
208.08	0
208.2	0
208.32	0
208.44	0
208.56	0
208.68	0
208.8	0
208.92	0
209.04	0
209.16	0
209.28	0
209.4	0
209.52	0
209.64	0
209.76	0
209.88	0
210	0
210.12	0
210.24	0
210.36	0
210.48	0
210.6	0
210.72	0
210.84	0
210.96	0
211.08	0
211.2	0
211.32	0
211.44	0
211.56	0
211.68	0
211.8	0
211.92	0
212.04	0
212.16	0
212.28	0
212.4	0
212.52	0
212.64	0
212.76	0
212.88	0
213	0
213.12	0
213.24	0
213.36	0
213.48	0
213.6	0
213.72	0
213.84	0
213.96	0
214.08	0
214.2	0
214.32	0
214.44	0
214.56	0
214.68	0
214.8	0
214.92	0
215.04	0
215.16	0
215.28	0
215.4	0
215.52	0
215.64	0
215.76	0
215.88	0
216	0
216.12	0
216.24	0
216.36	0
216.48	0
216.6	0
216.72	0
216.84	0
216.96	0
217.08	0
217.200000000001	0
217.320000000001	0
217.440000000001	0
217.560000000001	0
217.680000000001	0
217.800000000001	0
217.920000000001	0
218.040000000001	0
218.160000000001	0
218.280000000001	0
218.400000000001	0
218.520000000001	0
218.640000000001	0
218.760000000001	0
218.880000000001	0
219.000000000001	0
219.120000000001	0
219.240000000001	0
219.360000000001	0
219.480000000001	0
219.600000000001	0
219.720000000001	0
219.840000000001	0
219.960000000001	0
220.080000000001	0
220.200000000001	0
220.320000000001	0
220.440000000001	0
220.560000000001	0
220.680000000001	0
220.800000000001	0
220.920000000001	0
221.040000000001	0
221.160000000001	0
221.280000000001	0
221.400000000001	0
221.520000000001	0
221.640000000001	0
221.760000000001	0
221.880000000001	0
222.000000000001	0
222.120000000001	0
222.240000000001	0
222.360000000001	0
222.480000000001	0
222.600000000001	0
222.720000000001	0
222.840000000001	0
222.960000000001	0
223.080000000001	0
223.200000000001	0
223.320000000001	0
223.440000000001	0
223.560000000001	0
223.680000000001	0
223.800000000001	0
223.920000000001	0
224.040000000001	0
224.160000000001	0
224.280000000001	0
224.400000000001	0
224.520000000001	0
224.640000000001	0
224.760000000001	0
224.880000000001	0
225.000000000001	0
225.120000000001	0
225.240000000001	0
225.360000000001	0
225.480000000001	0
225.600000000001	0
225.720000000001	0
225.840000000001	0
225.960000000001	0
226.080000000001	0
226.200000000001	0
226.320000000001	0
226.440000000001	0
226.560000000001	0
226.680000000001	0
226.800000000001	0
226.920000000001	0
227.040000000001	0
227.160000000001	0
227.280000000001	0
227.400000000001	0
227.520000000001	0
227.640000000001	0
227.760000000001	0
227.880000000001	0
228.000000000001	0
228.120000000001	0
228.240000000001	0
228.360000000001	0
228.480000000001	0
228.600000000001	0
228.720000000001	0
228.840000000001	0
228.960000000001	0
229.080000000001	0
229.200000000001	0
229.320000000001	0
229.440000000001	0
229.560000000001	0
229.680000000001	0
229.800000000001	0
229.920000000001	0
230.040000000001	0
230.160000000001	0
230.280000000001	0
230.400000000001	0
230.520000000001	0
230.640000000001	0
230.760000000001	0
230.880000000001	0
231.000000000001	0
231.120000000001	0
231.240000000001	0
231.360000000001	0
231.480000000001	0
231.600000000001	0
231.720000000001	0
231.840000000001	0
231.960000000001	0
232.080000000001	0
232.200000000001	0
232.320000000001	0
232.440000000001	0
232.560000000001	0
232.680000000001	0
232.800000000001	0
232.920000000001	0
233.040000000001	0
233.160000000001	0
233.280000000001	0
233.400000000001	0
233.520000000001	0
233.640000000001	0
233.760000000001	0
233.880000000001	0
234.000000000001	0
234.120000000001	0
234.240000000001	0
234.360000000001	0
234.480000000001	0
234.600000000001	0
234.720000000001	0
234.840000000001	0
234.960000000001	0
235.08	20833.3331522428
235.2	20833.3331522428
235.32	0
235.44	0
235.56	0
235.68	0
235.8	0
235.92	0
236.04	0
236.16	0
236.28	0
236.4	0
236.52	0
236.64	0
236.76	0
236.88	0
237	0
237.12	0
237.24	0
237.36	0
237.48	0
237.6	0
237.72	0
237.84	0
237.96	0
238.08	0
238.2	0
238.32	0
238.44	0
238.56	0
238.68	0
238.8	0
238.92	0
239.04	0
239.16	0
239.28	0
239.4	0
239.52	0
239.64	0
239.76	0
239.88	0
240	0
240.12	0
240.24	0
240.36	0
240.48	0
240.6	0
240.72	0
240.84	0
240.96	0
241.08	0
241.2	0
241.32	0
241.44	0
241.56	0
241.68	0
241.8	0
241.92	0
242.04	0
242.16	0
242.28	0
242.4	0
242.52	0
242.64	0
242.76	0
242.88	0
243	0
243.12	0
243.24	0
243.36	0
243.48	0
243.6	0
243.72	0
243.84	0
243.96	0
244.08	0
244.2	0
244.32	0
244.44	0
244.56	0
244.68	0
244.8	0
244.92	0
245.04	0
245.16	0
245.28	0
245.4	0
245.52	0
245.64	0
245.76	0
245.88	0
246	0
246.12	0
246.24	20833.3331522428
246.36	0
246.48	0
246.6	0
246.72	0
246.84	0
246.96	20833.3331522428
247.08	0
247.2	0
247.32	0
247.44	0
247.56	0
247.68	0
247.8	0
247.92	0
248.04	0
248.16	0
248.28	0
248.4	0
248.52	0
248.64	0
248.76	0
248.88	0
249	0
249.12	0
249.24	0
249.36	0
249.48	0
249.6	0
249.72	0
249.84	0
249.96	0
250.08	0
250.2	0
250.32	0
250.44	0
250.56	0
250.68	0
250.8	0
250.92	0
251.04	0
251.16	0
251.28	0
251.4	0
251.52	0
251.64	0
251.76	0
251.88	0
252	0
252.12	0
252.24	0
252.36	0
252.48	0
252.6	0
252.72	0
252.84	0
252.96	0
253.08	0
253.2	0
253.32	41666.6663044857
253.44	0
253.56	0
253.68	0
253.8	0
253.92	0
254.04	0
254.16	0
254.28	0
254.4	0
254.52	0
254.64	0
254.76	0
254.88	0
255	0
255.12	0
255.24	0
255.36	0
255.48	0
255.6	0
255.72	0
255.84	0
255.96	0
256.08	20833.3331522428
256.2	0
256.32	0
256.44	0
256.56	0
256.68	0
256.8	0
256.92	0
257.04	0
257.16	0
257.28	0
257.4	0
257.52	0
257.64	0
257.76	0
257.88	0
258	0
258.12	0
258.24	0
258.36	0
258.48	0
258.6	0
258.72	0
258.84	0
258.96	0
259.08	0
259.2	0
259.32	0
259.44	0
259.56	0
259.68	0
259.8	0
259.92	0
260.04	0
260.16	0
260.28	0
260.4	0
260.52	0
260.64	0
260.76	0
260.88	0
261	0
261.12	0
261.24	0
261.36	0
261.48	0
261.6	0
261.72	0
261.84	0
261.96	0
262.08	0
262.2	0
262.32	0
262.44	0
262.56	0
262.68	0
262.8	0
262.92	0
263.04	0
263.16	0
263.28	0
263.4	0
263.52	0
263.64	0
263.76	0
263.88	0
264	0
264.12	20833.3331522428
264.24	0
264.36	20833.3331522428
264.48	0
264.6	0
264.72	0
264.84	0
264.96	0
265.08	0
265.2	0
265.32	0
265.44	0
265.56	0
265.68	0
265.8	0
265.92	0
266.04	0
266.16	0
266.28	0
266.4	0
266.52	0
266.64	0
266.76	0
266.88	0
267	0
267.12	0
267.24	0
267.36	0
267.48	0
267.6	0
267.72	0
267.84	0
267.96	0
268.08	0
268.2	0
268.32	0
268.44	0
268.56	0
268.68	0
268.8	0
268.92	0
269.04	0
269.16	0
269.28	0
269.4	0
269.52	0
269.64	0
269.76	0
269.88	0
270	0
270.12	0
270.24	0
270.36	0
270.48	0
270.6	0
270.72	0
270.84	0
270.96	0
271.08	0
271.2	0
271.32	0
271.44	0
271.56	0
271.68	0
271.8	0
271.92	0
272.04	0
272.16	0
272.28	0
272.4	0
272.52	0
272.64	0
272.76	0
272.88	0
273	0
273.12	0
273.24	0
273.36	0
273.48	0
273.6	0
273.72	0
273.84	0
273.96	0
274.08	0
274.2	0
274.32	0
274.44	0
274.56	0
274.68	0
274.8	0
274.92	0
275.04	0
275.16	0
275.28	0
275.4	0
275.52	0
275.64	0
275.76	0
275.88	0
276	0
276.12	0
276.24	0
276.36	0
276.48	0
276.6	0
276.72	0
276.84	0
276.96	0
277.08	0
277.200000000001	0
277.320000000001	0
277.440000000001	0
277.560000000001	0
277.680000000001	0
277.800000000001	0
277.920000000001	0
278.040000000001	0
278.160000000001	0
278.280000000001	0
278.400000000001	0
278.520000000001	0
278.640000000001	0
278.760000000001	0
278.880000000001	0
279.000000000001	0
279.12	20833.3331522428
279.24	20833.3331522428
279.36	20833.3331522428
279.48	0
279.6	0
279.72	0
279.84	0
279.96	0
280.08	0
280.2	0
280.32	0
280.44	0
280.56	0
280.68	41666.6663044857
280.8	166666.665217943
280.92	1333333.32174354
281.04	6395833.27773855
281.16	8229166.59513592
281.28	5791666.61632351
281.4	3104166.63968418
281.52	2041666.6489198
281.64	1145833.32337336
281.76	395833.329892614
281.88	187499.998370185
282	145833.3320657
282.12	124999.998913457
282.24	83333.3326089713
282.36	20833.3331522428
282.48	0
282.6	41666.6663044857
282.72	41666.6663044857
282.84	0
282.96	41666.6663044857
283.08	0
283.2	0
283.32	0
283.44	0
283.56	0
283.68	0
283.8	0
283.92	0
284.04	20833.3331522428
284.16	0
284.28	0
284.4	0
284.52	20833.3331522428
284.64	0
284.76	0
284.88	0
285	0
285.12	0
285.24	0
285.36	0
285.48	0
285.6	0
285.72	0
285.84	0
285.96	0
286.08	0
286.2	0
286.32	0
286.44	0
286.56	0
286.68	0
286.8	0
286.92	0
287.04	0
287.16	0
287.28	0
287.4	0
287.52	0
287.64	0
287.76	0
287.88	0
288	0
288.12	0
288.24	0
288.36	0
288.48	0
288.6	0
288.72	0
288.84	0
288.96	0
289.08	20833.3331522428
289.2	0
289.32	0
289.44	0
289.56	0
289.68	0
289.8	0
289.92	0
290.04	0
290.16	0
290.28	0
290.4	0
290.52	0
290.64	0
290.76	0
290.88	0
291	0
291.12	0
291.24	0
291.36	0
291.48	0
291.6	0
291.72	0
291.84	0
291.96	0
292.08	0
292.2	0
292.32	0
292.44	0
292.56	0
292.68	0
292.8	0
292.92	0
293.04	0
293.16	0
293.28	0
293.4	0
293.52	0
293.64	0
293.76	20833.3331522428
293.88	0
294	0
294.12	0
294.24	0
294.36	0
294.48	0
294.6	0
294.72	0
294.84	0
294.96	0
295.08	0
295.2	0
295.32	0
295.44	0
295.56	0
295.68	0
295.8	0
295.92	0
296.04	0
296.16	0
296.28	0
296.4	0
296.52	0
296.64	0
296.76	0
296.88	0
297	0
297.12	0
297.24	0
297.36	0
297.48	0
297.6	0
297.72	0
297.84	0
297.96	0
298.08	0
298.2	0
298.32	0
298.44	0
298.56	0
298.68	0
298.8	0
298.92	0
299.04	0
299.16	0
299.28	0
299.4	0
299.52	0
299.64	0
299.76	0
299.88	0
300	0
300.12	0
300.24	0
300.36	0
300.48	0
300.6	0
300.72	0
300.84	0
300.96	0
301.08	0
301.2	0
301.32	0
301.44	0
301.56	0
301.68	0
301.8	0
301.92	0
302.04	0
302.16	0
302.28	0
302.4	0
302.52	0
302.64	0
302.76	0
302.88	0
303	0
303.12	0
303.24	0
303.36	0
303.48	0
303.6	0
303.72	0
303.84	0
303.96	0
304.08	0
304.2	0
304.32	0
304.44	0
304.56	0
304.68	0
304.8	0
304.92	0
305.04	0
305.16	0
305.28	0
305.4	0
305.52	0
305.64	0
305.76	0
305.88	0
306	0
306.12	0
306.24	0
306.36	0
306.48	0
306.6	0
306.72	0
306.84	0
306.96	0
307.08	0
307.200000000001	0
307.320000000001	0
307.440000000001	0
307.560000000001	0
307.680000000001	0
307.800000000001	0
307.920000000001	0
308.040000000001	0
308.160000000001	0
308.280000000001	0
308.400000000001	0
308.520000000001	0
308.640000000001	0
308.760000000001	0
308.880000000001	0
309.000000000001	0
309.120000000001	0
309.240000000001	0
309.360000000001	0
309.480000000001	0
309.600000000001	0
309.720000000001	0
309.840000000001	0
309.960000000001	0
310.080000000001	0
310.200000000001	0
310.320000000001	0
310.440000000001	0
310.560000000001	0
310.680000000001	0
310.800000000001	0
310.920000000001	0
311.040000000001	0
311.160000000001	0
311.280000000001	0
311.400000000001	0
311.520000000001	0
311.640000000001	0
311.760000000001	0
311.880000000001	0
312.000000000001	0
312.120000000001	0
312.240000000001	0
312.360000000001	0
312.480000000001	0
312.600000000001	0
312.720000000001	0
312.840000000001	0
312.960000000001	0
313.080000000001	0
313.200000000001	0
313.320000000001	0
313.440000000001	0
313.560000000001	0
313.680000000001	0
313.800000000001	0
313.920000000001	0
314.040000000001	0
314.160000000001	0
314.280000000001	0
314.400000000001	0
314.520000000001	0
314.640000000001	0
314.760000000001	0
314.880000000001	0
315.000000000001	0
315.120000000001	0
315.240000000001	0
315.360000000001	0
315.480000000001	0
315.600000000001	0
315.720000000001	0
315.840000000001	0
315.960000000001	0
316.080000000001	0
316.200000000001	0
316.320000000001	0
316.440000000001	0
316.560000000001	0
316.680000000001	0
316.800000000001	0
316.920000000001	0
317.040000000001	0
317.160000000001	0
317.280000000001	0
317.400000000001	0
317.520000000001	0
317.640000000001	0
317.760000000001	0
317.880000000001	0
318.000000000001	0
318.120000000001	0
318.240000000001	0
318.360000000001	0
318.480000000001	0
318.600000000001	0
318.720000000001	0
318.840000000001	0
318.960000000001	0
319.080000000001	0
319.200000000001	0
319.320000000001	0
319.440000000001	0
319.560000000001	0
319.680000000001	0
319.800000000001	0
319.920000000001	0
320.040000000001	0
320.160000000001	0
320.280000000001	0
320.400000000001	0
320.520000000001	0
320.640000000001	0
320.760000000001	0
320.880000000001	0
321.000000000001	0
321.120000000001	0
321.240000000001	0
321.360000000001	0
321.480000000001	0
321.600000000001	0
321.720000000001	0
321.840000000001	0
321.960000000001	0
322.080000000001	0
322.200000000001	0
322.320000000001	0
322.440000000001	0
322.560000000001	0
322.680000000001	0
322.800000000001	0
322.920000000001	0
323.040000000001	0
323.160000000001	0
323.280000000001	0
323.400000000001	0
323.520000000001	0
323.640000000001	0
323.760000000001	0
323.880000000001	0
324.000000000001	0
324.120000000001	0
324.240000000001	0
324.360000000001	0
324.480000000001	0
324.600000000001	0
324.720000000001	0
324.840000000001	0
324.960000000001	0
325.080000000001	0
325.200000000001	0
325.320000000001	0
325.440000000001	0
325.560000000001	0
325.680000000001	0
325.800000000001	0
325.920000000001	0
326.040000000001	0
326.160000000001	0
326.280000000001	0
326.400000000001	0
326.520000000001	0
326.640000000001	0
326.760000000001	0
326.880000000001	0
327.000000000001	0
327.120000000001	0
327.240000000001	0
327.360000000001	0
327.480000000001	0
327.600000000001	0
327.720000000001	0
327.840000000001	0
327.960000000001	0
328.080000000001	0
328.200000000001	0
328.320000000001	0
328.440000000001	0
328.560000000001	0
328.680000000001	0
328.800000000001	0
328.920000000001	0
329.040000000001	0
329.160000000001	0
329.280000000001	0
329.400000000001	0
329.520000000001	0
329.640000000001	0
329.760000000001	0
329.880000000001	0
330.000000000001	0
330.120000000001	0
330.240000000001	0
330.360000000001	0
330.480000000001	0
330.600000000001	0
330.720000000001	0
330.840000000001	0
330.960000000001	0
331.080000000001	0
331.200000000001	0
331.320000000001	0
331.440000000001	0
331.560000000001	0
331.680000000001	0
331.800000000001	0
331.920000000001	0
332.040000000001	0
332.160000000001	0
332.280000000001	0
332.400000000001	0
332.520000000001	0
332.640000000001	0
332.760000000001	0
332.880000000001	0
333.000000000001	0
333.120000000001	0
333.240000000001	0
333.360000000001	0
333.480000000001	0
333.600000000002	0
333.720000000002	0
333.840000000002	0
333.960000000002	0
334.080000000002	0
334.200000000002	0
334.320000000002	0
334.440000000002	0
334.560000000002	0
334.680000000002	0
334.800000000002	0
334.920000000002	0
335.040000000002	0
335.160000000002	0
335.280000000002	0
335.400000000002	0
335.520000000002	0
335.640000000002	0
335.760000000002	0
335.880000000002	0
336.000000000002	0
336.120000000002	0
336.240000000002	0
336.360000000002	0
336.480000000002	0
336.600000000002	0
336.720000000002	0
336.840000000002	0
336.960000000002	0
337.080000000002	0
337.200000000002	0
337.320000000002	0
337.440000000002	0
337.560000000002	0
337.680000000002	0
337.800000000002	0
337.920000000002	0
338.040000000002	0
338.160000000002	0
338.280000000002	0
338.400000000002	0
338.520000000002	0
338.640000000002	0
338.760000000002	0
338.880000000002	0
339.000000000002	0
339.120000000002	0
339.240000000002	0
339.360000000002	0
339.480000000002	0
339.600000000002	0
339.720000000002	0
339.840000000002	0
339.960000000002	0
340.080000000002	0
340.200000000002	0
340.320000000002	0
340.440000000002	0
340.560000000002	0
340.680000000002	0
340.800000000002	0
340.920000000002	0
341.040000000002	0
341.160000000002	0
341.280000000002	0
341.400000000002	0
341.520000000002	0
341.640000000002	0
341.760000000002	0
341.880000000002	0
342.000000000002	0
342.120000000002	0
342.240000000002	0
342.360000000002	0
342.480000000002	0
342.600000000002	0
342.720000000002	0
342.840000000002	0
342.960000000002	0
343.080000000002	0
343.200000000002	0
343.320000000002	0
343.440000000002	0
343.560000000002	0
343.680000000002	0
343.800000000002	0
343.920000000002	0
344.040000000002	0
344.160000000002	0
344.280000000002	0
344.400000000002	0
344.520000000002	0
344.640000000002	0
344.760000000002	0
344.880000000002	0
345.000000000002	0
345.120000000002	0
345.240000000002	0
345.360000000002	0
345.480000000002	0
345.600000000002	0
345.720000000002	0
345.840000000002	0
345.960000000002	0
346.080000000002	0
346.200000000002	0
346.320000000002	0
346.440000000002	0
346.560000000002	0
346.680000000002	0
346.800000000002	0
346.920000000002	0
347.040000000002	0
347.160000000002	0
347.280000000002	0
347.400000000002	0
347.520000000002	0
347.640000000002	0
347.760000000002	0
347.880000000002	0
348.000000000002	0
348.120000000002	0
348.240000000002	0
348.360000000002	0
348.480000000002	0
348.600000000002	0
348.720000000002	0
348.840000000002	0
348.960000000002	0
349.080000000002	0
349.200000000002	0
349.320000000002	0
349.440000000002	0
349.560000000002	0
349.680000000002	0
349.800000000002	0
349.920000000002	0
350.040000000002	0
350.160000000002	0
350.280000000002	0
350.400000000002	0
350.520000000002	0
350.640000000002	0
350.760000000002	0
350.880000000002	0
351.000000000002	0
351.120000000002	0
351.240000000002	0
351.360000000002	0
351.480000000002	0
351.600000000002	0
351.720000000002	0
351.840000000002	0
351.960000000002	0
352.080000000002	0
352.200000000002	0
352.320000000002	0
352.440000000002	0
352.560000000002	0
352.680000000002	0
352.800000000002	0
352.920000000002	0
353.040000000002	0
353.160000000002	0
353.280000000002	0
353.400000000002	0
353.520000000002	0
353.640000000002	0
353.760000000002	0
353.880000000002	0
354.000000000002	0
354.120000000002	0
354.240000000002	0
354.360000000002	0
354.480000000002	0
354.600000000002	0
354.720000000002	0
354.840000000002	0
354.960000000002	0
355.080000000002	0
355.200000000002	0
355.320000000002	0
355.440000000002	0
355.560000000002	0
355.680000000002	0
355.800000000002	0
355.920000000002	0
356.040000000002	0
356.160000000002	0
356.280000000002	0
356.400000000002	0
356.520000000002	0
356.640000000002	0
356.760000000002	0
356.880000000002	0
357.000000000002	0
357.120000000002	0
357.240000000002	0
357.360000000002	0
357.480000000002	0
357.600000000002	0
357.720000000002	0
357.840000000002	0
357.960000000002	0
358.080000000002	0
358.200000000002	0
358.320000000002	0
358.440000000002	0
358.560000000002	0
358.680000000002	0
358.800000000002	0
358.920000000002	0
359.040000000002	0
359.160000000002	0
359.280000000002	0
359.400000000002	0
359.520000000002	0
359.640000000002	0
359.760000000002	0
359.880000000002	0
360.000000000003	0
360.120000000003	0
360.240000000003	0
360.360000000003	0
360.480000000003	0
360.600000000003	0
360.720000000003	0
360.840000000003	0
360.960000000003	0
361.080000000003	0
361.200000000003	0
361.320000000003	0
361.440000000003	0
361.560000000003	0
361.680000000003	0
361.800000000003	0
361.920000000003	0
362.040000000003	0
362.160000000003	0
362.280000000003	0
362.400000000003	0
362.520000000003	0
362.640000000003	0
362.760000000003	0
362.880000000003	0
363.000000000003	0
363.120000000003	0
363.240000000003	0
363.360000000003	0
363.480000000003	0
363.600000000003	0
363.720000000003	0
363.840000000003	0
363.960000000003	0
364.080000000003	0
364.200000000003	0
364.320000000003	0
364.440000000003	0
364.560000000003	0
364.680000000003	0
364.800000000003	0
364.920000000003	0
365.04	20833.3331522428
365.16	0
365.28	0
365.4	0
365.52	0
365.64	0
365.76	0
365.88	0
366	0
366.12	0
366.24	0
366.36	0
366.48	0
366.6	0
366.72	0
366.84	0
366.96	0
367.08	0
367.2	0
367.32	0
367.44	0
367.56	0
367.68	0
367.8	0
367.92	0
368.04	0
368.16	0
368.28	0
368.4	0
368.52	0
368.64	0
368.76	0
368.88	0
369	0
369.12	0
369.24	0
369.36	0
369.48	0
369.6	0
369.72	0
369.84	0
369.96	0
370.08	0
370.2	0
370.32	0
370.44	0
370.56	0
370.68	0
370.8	0
370.92	0
371.04	0
371.16	0
371.28	0
371.4	0
371.52	0
371.64	0
371.76	0
371.88	0
372	0
372.12	0
372.24	0
372.36	0
372.48	0
372.6	0
372.72	0
372.84	0
372.96	0
373.08	0
373.2	0
373.32	0
373.44	0
373.56	0
373.68	0
373.8	0
373.92	0
374.04	0
374.16	0
374.28	0
374.4	0
374.52	0
374.64	0
374.76	0
374.88	0
375	0
375.12	0
375.24	0
375.36	0
375.48	0
375.6	0
375.72	0
375.84	0
375.96	0
376.08	0
376.2	0
376.32	0
376.44	0
376.56	0
376.68	0
376.8	0
376.92	0
377.04	0
377.16	0
377.28	0
377.4	0
377.52	0
377.64	0
377.760000000001	0
377.880000000001	0
378.000000000001	0
378.120000000001	0
378.240000000001	0
378.360000000001	0
378.480000000001	0
378.600000000001	0
378.720000000001	0
378.840000000001	0
378.960000000001	0
379.080000000001	0
379.200000000001	0
379.320000000001	0
379.440000000001	0
379.560000000001	0
379.680000000001	0
379.800000000001	0
379.920000000001	0
380.040000000001	0
380.160000000001	0
380.280000000001	0
380.400000000001	0
380.520000000001	0
380.640000000001	0
380.760000000001	0
380.880000000001	0
381.000000000001	0
381.120000000001	0
381.240000000001	0
381.360000000001	0
381.480000000001	0
381.600000000001	0
381.720000000001	0
381.840000000001	0
381.960000000001	0
382.080000000001	0
382.200000000001	0
382.320000000001	0
382.440000000001	0
382.560000000001	0
382.680000000001	0
382.800000000001	0
382.920000000001	0
383.040000000001	0
383.160000000001	0
383.280000000001	0
383.400000000001	0
383.520000000001	0
383.640000000001	0
383.760000000001	0
383.880000000001	0
384.000000000001	0
384.120000000001	0
384.240000000001	0
384.360000000001	0
384.480000000001	0
384.600000000001	0
384.720000000001	0
384.840000000001	0
384.960000000001	0
385.080000000001	0
385.200000000001	0
385.320000000001	0
385.440000000001	0
385.560000000001	0
385.680000000001	0
385.800000000001	0
385.920000000001	0
386.040000000001	0
386.160000000001	0
386.280000000001	0
386.400000000001	0
386.520000000001	0
386.640000000001	0
386.760000000001	0
386.880000000001	0
387.000000000001	0
387.120000000001	0
387.240000000001	0
387.360000000001	0
387.480000000001	0
387.600000000001	0
387.720000000001	0
387.840000000001	0
387.960000000001	0
388.080000000001	0
388.200000000001	0
388.320000000001	0
388.440000000001	0
388.560000000001	0
388.680000000001	0
388.800000000001	0
388.920000000001	0
389.040000000001	0
389.160000000001	0
389.280000000001	0
389.400000000001	0
389.520000000001	0
389.640000000001	0
389.760000000001	0
389.880000000001	0
390.000000000001	0
390.120000000001	0
390.240000000001	0
390.360000000001	0
390.480000000001	0
390.600000000001	0
390.720000000001	0
390.840000000001	0
390.960000000001	0
391.080000000001	0
391.200000000001	0
391.320000000001	0
391.440000000001	0
391.560000000001	0
391.680000000001	0
391.800000000001	0
391.920000000001	0
392.040000000001	0
392.160000000001	0
392.280000000001	0
392.400000000001	0
392.520000000001	0
392.640000000001	0
392.760000000001	0
392.880000000001	0
393.000000000001	0
393.120000000001	0
393.240000000001	0
393.360000000001	0
393.480000000001	0
393.600000000001	0
393.720000000001	0
393.840000000001	0
393.960000000001	0
394.080000000001	0
394.200000000001	0
394.320000000001	0
394.440000000001	0
394.560000000001	0
394.680000000001	0
394.800000000001	0
394.920000000001	0
395.040000000001	0
395.160000000001	0
395.280000000001	0
395.400000000001	0
395.520000000001	0
395.640000000001	0
395.760000000001	0
395.880000000001	0
396.000000000001	0
396.120000000001	0
396.240000000001	0
396.360000000001	0
396.480000000001	0
396.600000000001	0
396.720000000001	0
396.840000000001	0
396.960000000001	0
397.080000000001	0
397.200000000001	0
397.320000000001	0
397.440000000001	0
397.560000000001	0
397.680000000001	0
397.800000000001	0
397.920000000001	0
398.040000000001	0
398.160000000001	0
398.280000000001	0
398.400000000001	0
398.520000000001	0
398.640000000001	0
398.760000000001	0
398.880000000001	0
399.000000000001	0
399.120000000001	0
399.240000000001	0
399.360000000001	0
399.480000000001	0
399.600000000001	0
399.720000000001	0
399.840000000001	0
399.960000000001	0
400.080000000001	0
400.200000000001	0
400.320000000001	0
400.440000000001	0
400.560000000001	0
400.680000000001	0
400.800000000001	0
400.920000000001	0
401.040000000001	0
401.160000000001	0
401.280000000001	0
401.400000000001	0
401.520000000001	0
401.640000000001	0
401.760000000001	0
401.880000000001	0
402.000000000001	0
402.120000000001	0
402.240000000001	0
402.360000000001	0
402.480000000001	0
402.600000000001	0
402.720000000001	0
402.840000000001	0
402.960000000001	0
403.080000000001	0
403.200000000001	0
403.320000000001	0
403.440000000001	0
403.560000000001	0
403.680000000001	0
403.800000000001	0
403.920000000001	0
404.040000000001	0
404.160000000002	0
404.280000000002	0
404.400000000002	0
404.520000000002	0
404.640000000002	0
404.760000000002	0
404.880000000002	0
405.000000000002	0
405.120000000002	0
405.240000000002	0
405.360000000002	0
405.480000000002	0
405.600000000002	0
405.720000000002	0
405.840000000002	0
405.960000000002	0
406.080000000002	0
406.200000000002	0
406.320000000002	0
406.440000000002	0
406.560000000002	0
406.680000000002	0
406.800000000002	0
406.920000000002	0
407.040000000002	0
407.160000000002	0
407.280000000002	0
407.400000000002	0
407.520000000002	0
407.640000000002	0
407.760000000002	0
407.880000000002	0
408.000000000002	0
408.120000000002	0
408.240000000002	0
408.360000000002	0
408.480000000002	0
408.600000000002	0
408.720000000002	0
408.840000000002	0
408.960000000002	0
409.080000000002	0
409.200000000002	0
409.320000000002	0
409.440000000002	0
409.560000000002	0
409.680000000002	0
409.800000000002	0
409.920000000002	0
410.040000000002	0
410.160000000002	0
410.280000000002	0
410.400000000002	0
410.520000000002	0
410.640000000002	0
410.760000000002	0
410.880000000002	0
411.000000000002	0
411.120000000002	0
411.240000000002	0
411.360000000002	0
411.480000000002	0
411.600000000002	0
411.720000000002	0
411.840000000002	0
411.960000000002	0
412.080000000002	0
412.200000000002	0
412.320000000002	0
412.440000000002	0
412.560000000002	0
412.680000000002	0
412.800000000002	0
412.920000000002	0
413.040000000002	0
413.160000000002	0
413.280000000002	0
413.400000000002	0
413.520000000002	0
413.640000000002	0
413.760000000002	0
413.880000000002	0
414.000000000002	0
414.120000000002	0
414.240000000002	0
414.360000000002	0
414.480000000002	0
414.600000000002	0
414.720000000002	0
414.840000000002	0
414.960000000002	0
415.080000000002	0
415.200000000002	0
415.320000000002	0
415.440000000002	0
415.560000000002	0
415.680000000002	0
415.800000000002	0
415.920000000002	0
416.040000000002	0
416.160000000002	0
416.280000000002	0
416.400000000002	0
416.520000000002	0
416.640000000002	0
416.760000000002	0
416.880000000002	0
417.000000000002	0
417.120000000002	0
417.240000000002	0
417.360000000002	0
417.480000000002	0
417.600000000002	0
417.720000000002	0
417.840000000002	0
417.960000000002	0
418.080000000002	0
418.200000000002	0
418.320000000002	0
418.440000000002	0
418.560000000002	0
418.680000000002	0
418.800000000002	0
418.920000000002	0
419.040000000002	0
419.160000000002	0
419.280000000002	0
419.400000000002	0
419.520000000002	0
419.640000000002	0
419.760000000002	0
419.880000000002	0
420.000000000002	0
420.120000000002	0
420.240000000002	0
420.360000000002	0
420.480000000002	0
420.600000000002	0
420.720000000002	0
420.840000000002	0
420.960000000002	0
421.080000000002	0
421.200000000002	0
421.320000000002	0
421.440000000002	0
421.560000000002	0
421.680000000002	0
421.800000000002	0
421.920000000002	0
422.040000000002	0
422.160000000002	0
422.280000000002	0
422.400000000002	0
422.520000000002	0
422.640000000002	0
422.760000000002	0
422.880000000002	0
423.000000000002	0
423.120000000002	0
423.240000000002	0
423.360000000002	0
423.480000000002	0
423.600000000002	0
423.720000000002	0
423.840000000002	0
423.960000000002	0
424.080000000002	0
424.200000000002	0
424.320000000002	0
424.440000000002	0
424.560000000002	0
424.680000000002	0
424.800000000002	0
424.920000000002	0
425.040000000002	0
425.160000000002	0
425.280000000002	0
425.400000000002	0
425.520000000002	0
425.640000000002	0
425.760000000002	0
425.880000000002	0
426.000000000002	0
426.120000000002	0
426.240000000002	0
426.360000000002	0
426.480000000002	0
426.600000000002	0
426.720000000002	0
426.840000000002	0
426.960000000002	0
427.080000000002	0
427.200000000002	0
427.320000000002	0
427.440000000002	0
427.560000000002	0
427.680000000002	0
427.800000000002	0
427.920000000002	0
428.040000000002	0
428.160000000002	0
428.280000000002	0
428.400000000002	0
428.520000000002	0
428.640000000002	0
428.760000000002	0
428.880000000002	0
429.000000000002	0
429.120000000002	0
429.240000000002	0
429.360000000002	0
429.480000000002	0
429.600000000002	0
429.720000000002	0
429.840000000002	0
429.960000000002	0
430.080000000002	0
430.200000000002	0
430.320000000002	0
430.440000000002	0
430.560000000003	0
430.680000000003	0
430.800000000003	0
430.920000000003	0
431.040000000003	0
431.160000000003	0
431.280000000003	0
431.400000000003	0
431.520000000003	0
431.640000000003	0
431.760000000003	0
431.880000000003	0
432.000000000003	0
432.120000000003	0
432.240000000003	0
432.360000000003	0
432.480000000003	0
432.600000000003	0
432.720000000003	0
432.840000000003	0
432.960000000003	0
433.080000000003	0
433.200000000003	0
433.320000000003	0
433.440000000003	0
433.560000000003	0
433.680000000003	0
433.800000000003	0
433.920000000003	0
434.040000000003	0
434.160000000003	0
434.280000000003	0
434.400000000003	0
434.520000000003	0
434.640000000003	0
434.760000000003	0
434.880000000003	0
435.000000000003	0
435.120000000003	0
435.240000000003	0
435.360000000003	0
435.480000000003	0
435.600000000003	0
435.720000000003	0
435.840000000003	0
435.960000000003	0
436.080000000003	0
436.200000000003	0
436.320000000003	0
436.440000000003	0
436.560000000003	0
436.680000000003	0
436.800000000003	0
436.920000000003	0
437.040000000003	0
437.160000000003	0
437.280000000003	0
437.400000000003	0
437.520000000003	0
437.640000000003	0
437.760000000003	0
437.880000000003	0
438.000000000003	0
438.120000000003	0
438.240000000003	0
438.360000000003	0
438.480000000003	0
438.600000000003	0
438.720000000003	0
438.840000000003	0
438.960000000003	0
439.080000000003	0
439.200000000003	0
439.320000000003	0
439.440000000003	0
439.560000000003	0
439.680000000003	0
439.800000000003	0
439.920000000003	0
440.040000000003	0
440.160000000003	0
440.280000000003	0
440.400000000003	0
440.520000000003	0
440.640000000003	0
440.760000000003	0
440.880000000003	0
441.000000000003	0
441.120000000003	0
441.240000000003	0
441.360000000003	0
441.480000000003	0
441.600000000003	0
441.720000000003	0
441.840000000003	0
441.960000000003	0
442.080000000003	0
442.200000000003	0
442.320000000003	0
442.440000000003	0
442.560000000003	0
442.680000000003	0
442.800000000003	0
442.920000000003	0
443.040000000003	0
443.160000000003	0
443.280000000003	0
443.400000000003	0
443.520000000003	0
443.640000000003	0
443.760000000003	0
443.880000000003	0
444.000000000003	0
444.120000000003	0
444.240000000003	0
444.360000000003	0
444.480000000003	0
444.600000000003	0
444.720000000003	0
444.840000000003	0
444.960000000003	0
445.080000000003	0
445.200000000003	0
445.320000000003	0
445.440000000003	0
445.560000000003	0
445.680000000003	0
445.800000000003	0
445.920000000003	0
446.040000000003	0
446.160000000003	0
446.280000000003	0
446.400000000003	0
446.520000000003	0
446.640000000003	0
446.760000000003	0
446.880000000003	0
447.000000000003	0
447.120000000003	0
447.240000000003	0
447.360000000003	0
447.480000000003	0
447.600000000003	0
447.720000000003	0
447.840000000003	0
447.960000000003	0
448.080000000003	0
448.200000000003	0
448.320000000003	0
448.440000000003	0
448.560000000003	0
448.680000000003	0
448.800000000003	0
448.920000000003	0
449.040000000003	0
449.160000000003	0
449.280000000003	0
449.400000000003	0
449.520000000003	0
449.640000000003	0
449.760000000003	0
449.880000000003	0
