Mass/Charge	Intensity
50	0
50.12	0
50.24	0
50.36	0
50.48	0
50.6	0
50.72	0
50.84	0
50.96	0
51.08	0
51.2	0
51.32	0
51.44	0
51.56	0
51.68	0
51.8	0
51.92	0
52.04	0
52.16	0
52.28	0
52.3999999999999	0
52.5199999999999	0
52.6399999999999	0
52.7599999999999	0
52.8799999999999	0
52.9999999999999	0
53.1199999999999	0
53.2399999999999	0
53.3599999999999	0
53.4799999999999	0
53.5999999999999	0
53.7199999999999	0
53.8399999999999	0
53.9599999999999	0
54.0799999999999	0
54.1999999999999	0
54.3199999999999	0
54.4399999999999	0
54.5599999999999	0
54.6799999999999	0
54.7999999999999	0
54.9199999999999	0
55.0399999999999	0
55.1599999999999	0
55.2799999999999	0
55.3999999999999	0
55.5199999999999	0
55.6399999999999	0
55.7599999999999	0
55.8799999999999	0
55.9999999999999	0
56.1199999999999	0
56.2399999999999	0
56.3599999999999	0
56.4799999999999	0
56.5999999999999	0
56.7199999999999	0
56.8399999999999	0
56.9599999999999	0
57.0799999999998	0
57.1999999999998	0
57.3199999999998	0
57.4399999999998	0
57.5599999999998	0
57.6799999999998	0
57.7999999999998	0
57.9199999999998	0
58.0399999999998	0
58.1599999999998	0
58.2799999999998	0
58.3999999999998	0
58.5199999999998	0
58.6399999999998	0
58.7599999999998	0
58.8799999999998	0
58.9999999999998	0
59.1199999999998	0
59.2399999999998	0
59.3599999999998	0
59.4799999999998	0
59.5999999999998	0
59.7199999999998	0
59.8399999999998	0
59.9599999999998	0
60.0799999999998	0
60.1999999999998	0
60.3199999999998	0
60.4399999999998	0
60.5599999999998	0
60.6799999999998	0
60.7999999999998	0
60.9199999999998	0
61.0399999999998	0
61.1599999999998	0
61.2799999999998	0
61.3999999999998	0
61.5199999999998	0
61.6399999999998	0
61.7599999999997	0
61.8799999999997	0
61.9999999999997	0
62.1199999999997	0
62.2399999999997	0
62.3599999999997	0
62.4799999999997	0
62.5999999999997	0
62.7199999999997	0
62.8399999999997	0
62.9599999999997	0
63.0799999999997	0
63.1999999999997	0
63.3199999999997	0
63.4399999999997	0
63.5599999999997	0
63.6799999999997	0
63.7999999999997	0
63.9199999999997	0
64.0399999999997	0
64.1599999999997	0
64.2799999999997	0
64.3999999999997	0
64.5199999999997	0
64.6399999999997	0
64.7599999999997	0
64.8799999999997	0
65.04	11904.7618012816
65.16	0
65.28	0
65.4	0
65.52	0
65.64	0
65.76	0
65.88	0
66	0
66.12	0
66.2400000000001	0
66.3600000000001	0
66.48	23809.5236025632
66.6	0
66.72	0
66.84	0
66.96	0
67.08	0
67.2	0
67.32	0
67.44	0
67.56	0
67.68	0
67.8000000000001	0
67.9200000000001	0
68.0400000000001	0
68.1600000000001	0
68.2800000000001	0
68.4000000000001	0
68.5200000000001	0
68.6400000000001	0
68.7600000000001	0
68.8800000000001	0
69.0000000000001	0
69.1200000000001	0
69.2400000000001	0
69.3600000000001	0
69.4800000000001	0
69.6000000000001	0
69.7200000000001	0
69.8400000000001	0
69.9600000000001	0
70.0800000000001	0
70.2000000000001	0
70.3200000000001	0
70.4400000000002	0
70.5600000000002	0
70.6800000000002	0
70.8000000000002	0
70.9200000000002	0
71.0400000000002	0
71.1600000000002	0
71.2800000000002	0
71.4000000000002	0
71.5200000000002	0
71.6400000000002	0
71.7600000000002	0
71.8800000000002	0
72.0000000000002	0
72.1200000000002	0
72.2400000000002	0
72.3600000000002	0
72.4800000000002	0
72.6000000000002	0
72.7200000000002	0
72.8400000000002	0
72.9600000000002	0
73.0800000000003	0
73.2000000000003	0
73.3200000000003	0
73.4400000000003	0
73.5600000000003	0
73.6800000000003	0
73.8000000000003	0
73.9200000000003	0
74.04	23809.5236025632
74.16	0
74.28	0
74.4	0
74.52	0
74.64	0
74.76	0
74.88	0
75	0
75.12	0
75.2400000000001	0
75.3600000000001	0
75.4800000000001	0
75.6000000000001	0
75.7200000000001	0
75.8400000000001	0
75.9600000000001	0
76.0800000000001	0
76.2000000000001	0
76.3200000000001	0
76.4400000000001	0
76.5600000000001	0
76.6800000000001	0
76.8000000000001	0
76.9200000000001	0
77.0400000000001	0
77.1600000000001	0
77.2800000000001	0
77.4000000000001	0
77.5200000000001	0
77.6400000000001	0
77.7600000000001	0
77.8800000000002	0
78.0000000000002	0
78.1200000000002	0
78.2400000000002	0
78.3600000000002	0
78.4800000000002	0
78.6000000000002	0
78.7200000000002	0
78.8400000000002	0
78.96	71428.5708076897
79.08	23809.5236025632
79.2	0
79.32	0
79.44	0
79.56	0
79.68	0
79.8	0
79.92	0
80.04	0
80.16	0
80.28	0
80.4	0
80.5200000000001	0
80.6400000000001	0
80.7600000000001	0
80.8800000000001	0
81.0000000000001	0
81.1200000000001	0
81.2400000000001	0
81.3600000000001	0
81.4800000000001	0
81.6000000000001	0
81.7200000000001	0
81.8400000000001	0
81.96	23809.5236025632
82.08	0
82.2	0
82.32	0
82.44	0
82.56	0
82.68	0
82.8	0
82.92	0
83.04	0
83.16	11904.7618012816
83.28	0
83.4	0
83.52	0
83.64	0
83.76	11904.7618012816
83.88	0
84	23809.5236025632
84.12	0
84.24	11904.7618012816
84.36	0
84.48	0
84.6	0
84.72	0
84.84	0
84.96	0
85.08	0
85.2	0
85.32	0
85.44	0
85.56	0
85.68	0
85.8000000000001	0
85.9200000000001	0
86.0400000000001	0
86.1600000000001	0
86.2800000000001	0
86.4000000000001	0
86.5200000000001	0
86.6400000000001	0
86.7600000000001	0
86.8800000000001	0
87.0000000000001	0
87.1200000000001	0
87.2400000000001	0
87.3600000000001	0
87.4800000000001	0
87.6000000000001	0
87.7200000000001	0
87.8400000000001	0
87.9600000000001	0
88.0800000000001	0
88.2000000000001	0
88.3200000000001	0
88.4400000000002	0
88.5600000000002	0
88.6800000000002	0
88.8000000000002	0
88.9200000000002	0
89.0400000000002	0
89.1600000000002	0
89.2800000000002	0
89.4000000000002	0
89.5200000000002	0
89.6400000000002	0
89.7600000000002	0
89.8800000000002	0
90.0000000000002	0
90.1200000000002	0
90.2400000000002	0
90.3600000000002	0
90.4800000000002	0
90.6000000000002	0
90.7200000000002	0
90.8400000000002	0
90.96	23809.5236025632
91.08	0
91.2	0
91.32	0
91.44	0
91.56	0
91.68	0
91.8	0
91.92	0
92.04	0
92.16	0
92.28	0
92.4	0
92.5200000000001	0
92.6400000000001	0
92.7600000000001	0
92.8800000000001	0
93.0000000000001	0
93.1200000000001	0
93.2400000000001	0
93.3600000000001	0
93.4800000000001	0
93.6000000000001	0
93.7200000000001	0
93.8400000000001	0
93.96	59523.8090064081
94.08	11904.7618012816
94.2	0
94.32	0
94.44	0
94.56	0
94.68	0
94.8	0
94.92	11904.7618012816
95.04	0
95.16	0
95.28	0
95.4	0
95.52	0
95.64	0
95.76	0
95.88	0
96	0
96.12	11904.7618012816
96.24	0
96.36	0
96.48	0
96.6	0
96.72	0
96.84	0
96.96	0
97.08	23809.5236025632
97.2	0
97.32	0
97.44	0
97.56	0
97.68	0
97.8	0
97.92	0
98.04	0
98.16	0
98.28	11904.7618012816
98.4	0
98.52	0
98.64	0
98.76	0
98.88	0
99	0
99.12	0
99.24	0
99.36	0
99.48	0
99.6000000000001	0
99.7200000000001	0
99.8400000000001	0
99.9600000000001	0
100.08	0
100.2	0
100.32	0
100.44	0
100.56	0
100.68	0
100.8	0
100.92	0
101.04	11904.7618012816
101.16	0
101.28	0
101.4	0
101.52	0
101.64	0
101.76	0
101.88	0
102	0
102.12	0
102.24	0
102.36	0
102.48	0
102.6	0
102.72	0
102.84	83333.3326089714
102.96	83333.3326089714
103.08	35714.2854038449
103.2	0
103.32	0
103.44	0
103.56	0
103.68	11904.7618012816
103.8	0
103.92	0
104.04	11904.7618012816
104.16	0
104.28	0
104.4	0
104.52	0
104.64	0
104.76	23809.5236025632
104.88	285714.283230759
105	964285.705903811
105.12	964285.705903811
105.24	583333.328262799
105.36	95238.094410253
105.48	35714.2854038449
105.6	95238.094410253
105.72	47619.0472051265
105.84	23809.5236025632
105.96	23809.5236025632
106.08	47619.0472051265
106.2	0
106.32	0
106.44	0
106.56	0
106.68	0
106.8	0
106.92	0
107.04	0
107.16	0
107.28	0
107.4	0
107.52	0
107.64	0
107.76	0
107.88	0
108	0
108.12	0
108.24	0
108.36	0
108.48	0
108.6	0
108.72	0
108.84	0
108.96	0
109.08	0
109.2	0
109.32	0
109.44	0
109.56	0
109.68	0
109.8	0
109.92	0
110.04	0
110.16	0
110.28	0
110.4	11904.7618012816
110.52	0
110.64	0
110.76	0
110.88	0
111	0
111.12	0
111.24	0
111.36	0
111.48	0
111.6	0
111.72	0
111.84	0
111.96	0
112.08	0
112.2	11904.7618012816
112.32	0
112.44	0
112.56	0
112.68	0
112.8	0
112.92	0
113.04	0
113.16	0
113.28	0
113.4	0
113.52	0
113.64	0
113.76	0
113.88	0
114	0
114.12	0
114.24	0
114.36	0
114.48	0
114.6	0
114.72	0
114.84	0
114.96	0
115.08	0
115.2	0
115.32	0
115.44	0
115.56	0
115.68	0
115.8	0
115.92	0
116.04	0
116.16	0
116.28	0
116.4	0
116.52	0
116.64	0
116.76	0
116.88	23809.5236025632
117	23809.5236025632
117.12	23809.5236025632
117.24	35714.2854038449
117.36	23809.5236025632
117.48	0
117.6	0
117.72	0
117.84	0
117.96	0
118.08	0
118.2	0
118.32	0
118.44	0
118.56	0
118.68	0
118.8	0
118.92	0
119.04	0
119.16	0
119.28	0
119.4	0
119.52	0
119.64	0
119.76	0
119.88	0
120	0
120.12	0
120.24	0
120.36	0
120.48	0
120.6	0
120.72	0
120.84	0
120.96	0
121.08	0
121.2	0
121.32	0
121.44	0
121.56	0
121.68	0
121.8	0
121.92	0
122.04	0
122.16	0
122.28	0
122.4	0
122.52	0
122.64	0
122.76	0
122.88	0
123	11904.7618012816
123.12	0
123.24	11904.7618012816
123.36	0
123.48	0
123.6	0
123.72	0
123.84	0
123.96	0
124.08	0
124.2	0
124.32	0
124.44	0
124.56	0
124.68	0
124.8	0
124.92	0
125.04	0
125.16	0
125.28	0
125.4	0
125.52	0
125.64	0
125.76	0
125.88	0
126	0
126.12	0
126.24	0
126.36	0
126.48	0
126.6	0
126.72	0
126.84	0
126.96	0
127.08	0
127.2	0
127.32	0
127.44	0
127.56	0
127.68	0
127.8	0
127.92	0
128.04	0
128.16	0
128.28	0
128.4	0
128.52	0
128.64	0
128.76	0
128.88	0
129	0
129.12	0
129.24	0
129.36	0
129.48	0
129.6	0
129.72	0
129.84	0
129.96	11904.7618012816
130.08	23809.5236025632
130.2	0
130.32	0
130.44	0
130.56	0
130.68	0
130.8	11904.7618012816
130.92	0
131.04	0
131.16	0
131.28	0
131.4	0
131.52	0
131.64	0
131.76	11904.7618012816
131.88	202380.950621788
132	666666.660871771
132.12	1595238.08137174
132.24	1095238.08571791
132.36	238095.236025632
132.48	47619.0472051265
132.6	11904.7618012816
132.72	47619.0472051265
132.84	35714.2854038449
132.96	47619.0472051265
133.08	0
133.2	11904.7618012816
133.32	11904.7618012816
133.44	0
133.56	0
133.68	0
133.8	23809.5236025632
133.92	190476.188820506
134.04	892857.135096122
134.16	2214285.69503838
134.28	773809.517083305
134.4	130952.379814098
134.52	35714.2854038449
134.64	0
134.76	11904.7618012816
134.88	11904.7618012816
135	35714.2854038449
135.12	0
135.24	0
135.36	0
135.48	0
135.6	11904.7618012816
135.72	0
135.84	0
135.96	0
136.08	0
136.2	0
136.32	0
136.44	0
136.56	0
136.68	0
136.8	0
136.92	0
137.04	0
137.16	0
137.28	0
137.4	0
137.52	0
137.64	0
137.76	0
137.88	0
138	0
138.12	0
138.24	0
138.36	23809.5236025632
138.48	0
138.6	0
138.72	0
138.84	0
138.96	0
139.08	0
139.2	0
139.32	0
139.44	0
139.56	0
139.68	0
139.8	0
139.92	0
140.04	0
140.16	0
140.28	0
140.4	0
140.52	0
140.64	0
140.76	0
140.88	0
141	0
141.12	0
141.24	11904.7618012816
141.36	0
141.48	0
141.6	0
141.72	0
141.84	0
141.96	0
142.08	0
142.2	0
142.32	0
142.44	0
142.56	0
142.68	0
142.8	0
142.92	0
143.04	0
143.16	0
143.28	0
143.4	0
143.52	11904.7618012816
143.64	0
143.76	0
143.88	0
144	47619.0472051265
144.12	11904.7618012816
144.24	11904.7618012816
144.36	0
144.48	0
144.6	0
144.72	11904.7618012816
144.84	0
144.96	0
145.08	23809.5236025632
145.2	11904.7618012816
145.32	0
145.44	0
145.56	0
145.68	0
145.8	0
145.92	11904.7618012816
146.04	83333.3326089714
146.16	83333.3326089714
146.28	83333.3326089714
146.4	0
146.52	0
146.64	0
146.76	0
146.88	0
147	0
147.12	0
147.24	0
147.36	0
147.48	0
147.6	0
147.72	0
147.84	0
147.96	0
148.08	11904.7618012816
148.2	11904.7618012816
148.32	11904.7618012816
148.44	0
148.56	0
148.68	0
148.8	0
148.92	11904.7618012816
149.04	0
149.16	11904.7618012816
149.28	0
149.4	0
149.52	0
149.64	0
149.76	0
149.88	23809.5236025632
150	142857.141615379
150.12	226190.474224351
150.24	130952.379814098
150.36	59523.8090064081
150.48	0
150.6	11904.7618012816
150.72	0
150.84	0
150.96	0
151.08	11904.7618012816
151.2	0
151.32	0
151.44	0
151.56	0
151.68	0
151.8	0
151.92	0
152.04	0
152.16	0
152.28	0
152.4	0
152.52	11904.7618012816
152.64	0
152.76	0
152.88	0
153	0
153.12	0
153.24	0
153.36	0
153.48	0
153.6	0
153.72	0
153.84	0
153.96	0
154.08	0
154.2	0
154.32	0
154.44	0
154.56	0
154.68	0
154.8	0
154.92	0
155.04	0
155.16	0
155.28	0
155.4	0
155.52	0
155.64	0
155.76	0
155.88	0
156	0
156.12	0
156.24	0
156.36	0
156.48	0
156.6	0
156.72	0
156.84	0
156.96	0
157.08	0
157.2	0
157.32	0
157.44	0
157.56	0
157.68	0
157.8	0
157.92	0
158.04	0
158.16	0
158.28	0
158.4	0
158.52	0
158.64	0
158.76	0
158.88	0
159	0
159.12	0
159.24	0
159.36	0
159.48	0
159.6	0
159.72	0
159.84	0
159.96	23809.5236025632
160.08	23809.5236025632
160.2	59523.8090064081
160.32	0
160.44	0
160.56	0
160.68	0
160.8	0
160.92	0
161.04	0
161.16	0
161.28	11904.7618012816
161.4	0
161.52	0
161.64	0
161.76	0
161.88	0
162	0
162.12	11904.7618012816
162.24	0
162.36	0
162.48	0
162.6	0
162.72	0
162.84	0
162.96	0
163.08	0
163.2	0
163.32	0
163.44	0
163.56	0
163.68	0
163.8	0
163.92	0
164.04	0
164.16	0
164.28	0
164.4	0
164.52	0
164.64	0
164.76	0
164.88	0
165	0
165.12	0
165.24	0
165.36	0
165.48	0
165.6	0
165.72	0
165.84	0
165.96	0
166.08	0
166.2	0
166.32	0
166.44	0
166.56	0
166.68	0
166.8	0
166.92	0
167.04	0
167.16	0
167.28	0
167.4	0
167.52	0
167.64	0
167.76	0
167.88	0
168	0
168.12	0
168.24	0
168.36	0
168.48	0
168.6	0
168.72	0
168.84	0
168.96	0
169.08	0
169.2	0
169.32	0
169.44	0
169.56	0
169.68	0
169.8	0
169.92	0
170.04	0
170.16	11904.7618012816
170.28	0
170.4	0
170.52	0
170.64	0
170.76	0
170.88	0
171	0
171.12	0
171.24	0
171.36	0
171.48	0
171.6	0
171.72	0
171.84	0
171.96	0
172.08	35714.2854038449
172.2	11904.7618012816
172.32	0
172.44	0
172.56	0
172.68	0
172.8	0
172.92	0
173.04	0
173.16	0
173.28	0
173.4	0
173.52	0
173.64	0
173.76	0
173.88	0
174	0
174.12	0
174.24	0
174.36	0
174.48	0
174.6	0
174.72	0
174.84	0
174.96	0
175.08	0
175.2	23809.5236025632
175.32	0
175.44	0
175.56	0
175.68	0
175.8	0
175.92	0
176.04	0
176.16	0
176.28	0
176.4	0
176.52	0
176.64	0
176.76	0
176.88	0
177	0
177.12	0
177.24	0
177.36	0
177.48	0
177.6	0
177.72	0
177.84	0
177.96	0
178.08	11904.7618012816
178.2	0
178.32	0
178.44	0
178.56	0
178.68	0
178.8	0
178.92	0
179.04	0
179.16	0
179.28	0
179.4	0
179.52	0
179.64	0
179.76	0
179.88	0
180	0
180.12	0
180.24	11904.7618012816
180.36	0
180.48	0
180.6	0
180.72	0
180.84	0
180.96	0
181.08	0
181.2	0
181.32	0
181.44	0
181.56	0
181.68	0
181.8	0
181.92	0
182.04	0
182.16	0
182.28	0
182.4	0
182.52	0
182.64	0
182.76	0
182.88	0
183	0
183.12	11904.7618012816
183.24	0
183.36	0
183.48	0
183.6	0
183.72	0
183.84	0
183.96	0
184.08	0
184.2	0
184.32	0
184.44	0
184.56	0
184.68	0
184.8	0
184.92	0
185.04	0
185.16	0
185.28	0
185.4	0
185.52	0
185.64	0
185.76	0
185.88	0
186	0
186.12	0
186.24	0
186.36	0
186.48	0
186.6	0
186.72	0
186.84	0
186.96	0
187.08	0
187.2	0
187.32	0
187.44	0
187.56	0
187.68	0
187.8	11904.7618012816
187.92	11904.7618012816
188.04	226190.474224351
188.16	1154761.89472432
188.28	1071428.56211535
188.4	261904.759628196
188.52	71428.5708076897
188.64	59523.8090064081
188.76	11904.7618012816
188.88	11904.7618012816
189	0
189.12	71428.5708076897
189.24	47619.0472051265
189.36	0
189.48	11904.7618012816
189.6	0
189.72	0
189.84	11904.7618012816
189.96	11904.7618012816
190.08	202380.950621788
190.2	345238.092237167
190.32	154761.903416661
190.44	47619.0472051265
190.56	23809.5236025632
190.68	0
190.8	0
190.92	0
191.04	0
191.16	0
191.28	0
191.4	0
191.52	0
191.64	0
191.76	0
191.88	0
192	0
192.12	11904.7618012816
192.24	11904.7618012816
192.36	0
192.48	0
192.6	0
192.72	0
192.84	0
192.96	0
193.08	0
193.2	0
193.32	0
193.44	0
193.56	0
193.68	0
193.8	0
193.92	0
194.04	0
194.16	0
194.28	0
194.4	0
194.52	0
194.64	0
194.76	0
194.88	0
195	0
195.12	0
195.24	0
195.36	0
195.48	0
195.6	0
195.72	0
195.84	0
195.96	0
196.08	0
196.2	0
196.32	0
196.44	0
196.56	0
196.68	0
196.8	0
196.92	0
197.04	0
197.16	0
197.28	0
197.4	0
197.52	0
197.64	0
197.76	0
197.88	0
198	0
198.12	11904.7618012816
198.24	11904.7618012816
198.36	0
198.48	0
198.6	0
198.72	0
198.84	0
198.96	0
199.08	0
199.2	0
199.32	0
199.44	0
199.56	0
199.68	0
199.8	0
199.92	0
200.04	0
200.16	0
200.28	0
200.4	0
200.52	0
200.64	0
200.76	0
200.88	0
201	0
201.12	11904.7618012816
201.24	0
201.36	0
201.48	0
201.6	0
201.72	0
201.84	0
201.96	0
202.08	0
202.2	23809.5236025632
202.32	0
202.44	0
202.56	0
202.68	0
202.8	0
202.92	0
203.04	0
203.16	0
203.28	0
203.4	0
203.52	0
203.64	0
203.76	0
203.88	0
204	0
204.12	0
204.24	11904.7618012816
204.36	0
204.48	0
204.6	0
204.72	0
204.84	0
204.96	0
205.08	0
205.2	0
205.32	0
205.44	0
205.56	0
205.68	0
205.8	0
205.92	0
206.04	0
206.16	0
206.28	0
206.4	0
206.52	0
206.64	0
206.76	0
206.88	0
207	0
207.12	0
207.24	0
207.36	0
207.48	0
207.6	0
207.72	0
207.84	0
207.96	0
208.08	0
208.2	0
208.32	0
208.44	0
208.56	0
208.68	0
208.8	0
208.92	0
209.04	0
209.16	0
209.28	0
209.4	0
209.52	0
209.64	0
209.76	0
209.88	0
210	0
210.12	0
210.24	0
210.36	0
210.48	0
210.6	0
210.72	0
210.84	0
210.96	0
211.08	0
211.2	11904.7618012816
211.32	0
211.44	0
211.56	0
211.68	0
211.8	0
211.92	0
212.04	0
212.16	0
212.28	0
212.4	0
212.52	0
212.64	0
212.76	0
212.88	0
213	0
213.12	0
213.24	0
213.36	0
213.48	0
213.6	0
213.72	0
213.84	0
213.96	0
214.08	0
214.2	0
214.32	0
214.44	0
214.56	0
214.68	0
214.8	0
214.92	0
215.04	0
215.16	11904.7618012816
215.28	0
215.4	0
215.52	0
215.64	0
215.76	23809.5236025632
215.88	35714.2854038449
216	214285.712423069
216.12	1535714.27236533
216.24	2261904.74224351
216.36	880952.37329484
216.48	333333.330435885
216.6	107142.856211535
216.72	71428.5708076897
216.84	11904.7618012816
216.96	0
217.08	0
217.2	0
217.32	0
217.44	0
217.56	0
217.68	11904.7618012816
217.8	0
217.92	0
218.04	0
218.16	0
218.28	0
218.4	0
218.52	0
218.64	0
218.76	0
218.88	0
219	0
219.12	0
219.24	0
219.36	0
219.48	0
219.6	0
219.72	0
219.84	0
219.96	0
220.08	0
220.2	0
220.32	0
220.44	0
220.56	0
220.68	0
220.8	0
220.92	0
221.04	0
221.16	11904.7618012816
221.28	0
221.4	0
221.52	0
221.64	0
221.76	0
221.88	0
222	0
222.12	0
222.24	0
222.36	0
222.48	0
222.6	0
222.72	0
222.84	0
222.96	0
223.08	0
223.2	0
223.32	0
223.44	0
223.56	0
223.68	0
223.8	0
223.92	0
224.04	0
224.16	0
224.28	0
224.4	0
224.52	0
224.64	0
224.76	0
224.88	0
225	0
225.12	0
225.24	0
225.36	0
225.48	0
225.6	0
225.72	0
225.84	0
225.96	0
226.08	0
226.2	0
226.32	0
226.44	0
226.56	0
226.68	0
226.8	0
226.92	0
227.04	0
227.16	0
227.28	0
227.4	0
227.52	0
227.64	0
227.76	0
227.88	11904.7618012816
228	0
228.12	0
228.24	0
228.36	0
228.48	0
228.6	0
228.72	0
228.84	11904.7618012816
228.96	0
229.08	0
229.2	0
229.32	0
229.44	0
229.56	0
229.68	0
229.8	0
229.92	0
230.04	0
230.16	0
230.28	0
230.4	0
230.52	0
230.64	0
230.76	0
230.88	0
231	0
231.12	11904.7618012816
231.24	0
231.36	0
231.48	0
231.6	0
231.72	0
231.84	0
231.96	11904.7618012816
232.08	0
232.2	0
232.32	0
232.44	0
232.56	0
232.68	0
232.8	0
232.92	0
233.04	0
233.16	11904.7618012816
233.28	0
233.4	0
233.52	0
233.64	0
233.76	0
233.88	0
234	0
234.12	0
234.24	0
234.36	0
234.48	0
234.6	0
234.72	0
234.84	0
234.96	0
235.08	0
235.2	0
235.32	0
235.44	0
235.56	0
235.68	0
235.8	0
235.92	0
236.04	0
236.16	0
236.28	0
236.4	0
236.52	0
236.64	0
236.76	0
236.88	0
237	0
237.12	0
237.24	0
237.36	0
237.48	0
237.6	0
237.72	0
237.84	0
237.96	0
238.08	0
238.2	0
238.32	0
238.44	0
238.56	0
238.68	0
238.8	0
238.92	0
239.04	0
239.16	0
239.28	0
239.4	0
239.52	0
239.64	0
239.76	0
239.88	0
240	0
240.12	0
240.24	0
240.36	0
240.48	0
240.6	0
240.72	0
240.84	0
240.96	0
241.08	0
241.2	0
241.32	0
241.44	0
241.56	0
241.68	0
241.8	0
241.92	0
242.04	0
242.16	0
242.28	0
242.4	0
242.52	0
242.64	0
242.76	0
242.88	0
243	0
243.12	0
243.24	11904.7618012816
243.36	0
243.48	0
243.6	0
243.72	0
243.84	0
243.96	23809.5236025632
244.08	0
244.2	23809.5236025632
244.32	0
244.44	11904.7618012816
244.56	0
244.68	0
244.8	0
244.92	0
245.04	0
245.16	11904.7618012816
245.28	11904.7618012816
245.4	35714.2854038449
245.52	0
245.64	0
245.76	0
245.88	0
246	0
246.12	0
246.24	0
246.36	0
246.48	0
246.6	0
246.72	0
246.84	0
246.96	0
247.08	0
247.2	0
247.32	0
247.44	0
247.56	0
247.68	0
247.8	0
247.92	0
248.04	0
248.16	0
248.28	0
248.4	0
248.52	0
248.64	0
248.76	0
248.88	0
249	0
249.12	0
249.24	0
249.36	0
249.48	0
249.6	0
249.72	0
249.84	0
249.96	0
250.08	0
250.2	0
250.32	0
250.44	0
250.56	0
250.68	0
250.8	0
250.92	0
251.04	0
251.16	0
251.28	0
251.4	0
251.52	0
251.64	0
251.76	0
251.88	0
252	0
252.12	0
252.24	0
252.36	0
252.48	0
252.6	0
252.72	0
252.84	0
252.96	0
253.08	0
253.2	0
253.32	0
253.44	0
253.56	0
253.68	0
253.8	0
253.92	0
254.04	11904.7618012816
254.16	11904.7618012816
254.28	0
254.4	0
254.52	0
254.64	0
254.76	0
254.88	0
255	0
255.12	0
255.24	0
255.36	0
255.48	0
255.6	0
255.72	0
255.84	0
255.96	0
256.08	0
256.2	0
256.32	0
256.44	0
256.56	0
256.68	0
256.8	0
256.92	0
257.04	0
257.16	0
257.28	0
257.4	0
257.52	0
257.64	0
257.76	0
257.88	0
258	0
258.12	0
258.24	0
258.36	0
258.48	0
258.6	0
258.72	0
258.84	0
258.96	0
259.08	0
259.2	0
259.32	0
259.44	0
259.56	0
259.68	0
259.8	0
259.92	0
260.04	0
260.16	0
260.28	0
260.4	0
260.52	0
260.64	0
260.76	0
260.88	0
261	0
261.12	0
261.24	0
261.36	0
261.48	0
261.6	0
261.72	0
261.84	0
261.96	0
262.08	0
262.2	0
262.32	0
262.44	0
262.56	0
262.68	0
262.8	0
262.92	0
263.04	0
263.16	11904.7618012816
263.28	0
263.4	0
263.52	0
263.64	0
263.76	0
263.88	0
264	0
264.12	0
264.24	0
264.36	0
264.48	0
264.6	0
264.72	0
264.84	0
264.96	0
265.08	0
265.2	0
265.32	0
265.44	0
265.56	0
265.68	0
265.8	0
265.92	0
266.04	0
266.16	0
266.28	0
266.4	0
266.52	0
266.64	0
266.76	0
266.88	0
267	0
267.12	0
267.24	0
267.36	0
267.48	0
267.6	0
267.72	0
267.84	0
267.96	0
268.08	0
268.2	0
268.32	0
268.44	0
268.56	0
268.68	0
268.8	0
268.92	0
269.04	0
269.16	0
269.28	0
269.4	0
269.52	0
269.64	0
269.76	0
269.88	0
270	0
270.12	0
270.24	0
270.36	0
270.48	0
270.6	0
270.72	0
270.84	0
270.96	0
271.08	0
271.2	0
271.32	0
271.44	0
271.56	0
271.68	0
271.8	0
271.92	0
272.04	0
272.16	0
272.28	0
272.4	0
272.52	0
272.64	0
272.76	0
272.88	0
273	0
273.12	0
273.24	0
273.36	0
273.48	0
273.6	0
273.72	0
273.84	0
273.96	0
274.08	0
274.2	0
274.32	0
274.44	0
274.56	0
274.68	0
274.8	0
274.92	0
275.04	0
275.16	0
275.28	0
275.4	0
275.52	0
275.64	0
275.760000000001	0
275.880000000001	0
276.000000000001	0
276.120000000001	0
276.240000000001	0
276.360000000001	0
276.480000000001	0
276.600000000001	0
276.720000000001	0
276.840000000001	0
276.960000000001	0
277.080000000001	0
277.200000000001	0
277.32	11904.7618012816
277.44	0
277.56	0
277.68	0
277.8	0
277.92	0
278.04	0
278.16	0
278.28	0
278.4	0
278.52	0
278.64	0
278.76	0
278.88	0
279	0
279.12	11904.7618012816
279.24	0
279.36	0
279.48	0
279.6	0
279.72	0
279.84	0
279.96	0
280.08	0
280.2	0
280.32	0
280.44	0
280.56	0
280.68	0
280.8	11904.7618012816
280.92	0
281.04	11904.7618012816
281.16	0
281.28	47619.0472051265
281.4	0
281.52	0
281.64	0
281.76	0
281.88	0
282	0
282.12	0
282.24	0
282.36	0
282.48	0
282.6	0
282.72	0
282.84	0
282.96	0
283.08	0
283.2	0
283.32	0
283.44	0
283.56	0
283.68	0
283.8	0
283.92	0
284.04	0
284.16	0
284.28	0
284.4	0
284.52	0
284.64	0
284.76	0
284.88	0
285	0
285.12	0
285.24	0
285.36	0
285.48	0
285.6	0
285.72	0
285.84	0
285.96	0
286.08	0
286.2	0
286.32	0
286.44	0
286.56	0
286.68	0
286.8	0
286.92	0
287.04	0
287.16	0
287.28	0
287.4	0
287.52	0
287.64	0
287.76	0
287.88	0
288	0
288.12	0
288.24	0
288.36	0
288.48	0
288.6	0
288.72	0
288.84	0
288.96	0
289.08	0
289.2	0
289.32	0
289.44	0
289.56	0
289.68	0
289.8	0
289.92	0
290.04	0
290.16	0
290.28	0
290.4	0
290.52	0
290.64	0
290.76	0
290.88	11904.7618012816
291	0
291.12	0
291.24	0
291.36	0
291.48	0
291.6	0
291.72	0
291.84	0
291.96	0
292.08	0
292.2	0
292.32	0
292.44	11904.7618012816
292.56	11904.7618012816
292.68	0
292.8	0
292.92	0
293.04	0
293.16	0
293.28	11904.7618012816
293.4	0
293.52	0
293.64	0
293.76	0
293.88	0
294	0
294.12	0
294.24	0
294.36	0
294.48	0
294.6	0
294.72	0
294.84	0
294.96	0
295.08	0
295.2	0
295.32	0
295.44	0
295.56	0
295.68	0
295.8	0
295.92	0
296.04	0
296.16	0
296.28	0
296.4	0
296.52	0
296.64	0
296.76	0
296.88	0
297	0
297.12	0
297.24	0
297.36	0
297.48	0
297.6	0
297.72	0
297.84	0
297.96	0
298.08	0
298.2	0
298.32	0
298.44	0
298.56	0
298.68	0
298.8	0
298.92	0
299.04	0
299.16	0
299.28	0
299.4	0
299.52	0
299.64	0
299.76	0
299.88	0
300	0
300.12	0
300.24	0
300.36	0
300.48	0
300.6	0
300.72	0
300.84	0
300.96	0
301.08	0
301.2	0
301.32	0
301.44	0
301.56	0
301.68	0
301.8	0
301.92	0
302.04	11904.7618012816
302.16	0
302.28	0
302.4	0
302.52	0
302.64	0
302.76	0
302.88	0
303	0
303.12	0
303.24	0
303.36	0
303.48	0
303.6	0
303.72	0
303.84	0
303.96	0
304.08	0
304.2	0
304.32	0
304.44	0
304.56	0
304.68	0
304.8	0
304.92	0
305.04	0
305.16	0
305.28	0
305.4	0
305.52	0
305.64	0
305.76	0
305.88	0
306	0
306.12	0
306.24	0
306.36	0
306.48	0
306.6	0
306.72	0
306.84	0
306.96	0
307.08	0
307.2	0
307.32	0
307.44	0
307.56	0
307.68	0
307.8	0
307.92	0
308.04	0
308.16	0
308.28	0
308.4	0
308.52	0
308.64	0
308.76	0
308.88	0
309	0
309.12	0
309.24	0
309.36	0
309.48	0
309.6	0
309.72	0
309.84	0
309.96	0
310.08	0
310.2	0
310.32	0
310.44	0
310.56	0
310.68	0
310.8	0
310.92	0
311.04	0
311.16	0
311.28	0
311.4	0
311.52	0
311.64	0
311.76	0
311.88	0
312	0
312.12	0
312.24	0
312.36	0
312.48	0
312.6	0
312.72	0
312.84	0
312.96	0
313.08	0
313.2	0
313.32	0
313.44	0
313.56	0
313.68	0
313.8	0
313.92	0
314.04	0
314.16	0
314.28	0
314.4	0
314.52	0
314.64	0
314.760000000001	0
314.880000000001	0
315.000000000001	0
315.120000000001	0
315.240000000001	0
315.360000000001	0
315.480000000001	0
315.600000000001	0
315.720000000001	0
315.840000000001	0
315.960000000001	0
316.080000000001	0
316.200000000001	0
316.320000000001	0
316.440000000001	0
316.560000000001	0
316.680000000001	0
316.800000000001	0
316.920000000001	0
317.040000000001	0
317.160000000001	0
317.280000000001	0
317.400000000001	0
317.520000000001	0
317.640000000001	0
317.760000000001	0
317.880000000001	0
318.000000000001	0
318.120000000001	0
318.240000000001	0
318.360000000001	0
318.480000000001	0
318.600000000001	0
318.720000000001	0
318.840000000001	0
318.960000000001	0
319.08	11904.7618012816
319.2	0
319.32	0
319.44	0
319.56	0
319.68	0
319.8	0
319.92	0
320.04	0
320.16	0
320.28	0
320.4	11904.7618012816
320.52	0
320.64	0
320.76	0
320.88	0
321	0
321.12	0
321.24	0
321.36	0
321.48	0
321.6	0
321.72	0
321.84	0
321.96	0
322.08	0
322.2	0
322.32	0
322.44	0
322.56	0
322.68	0
322.8	0
322.92	0
323.04	0
323.16	0
323.28	0
323.4	0
323.52	0
323.64	0
323.76	0
323.88	0
324	0
324.12	0
324.24	0
324.36	0
324.48	0
324.6	0
324.72	0
324.84	0
324.96	0
325.08	0
325.2	0
325.32	0
325.44	0
325.56	0
325.68	0
325.8	0
325.92	0
326.04	0
326.16	0
326.28	0
326.4	0
326.52	0
326.64	0
326.76	0
326.88	0
327	0
327.12	0
327.24	0
327.36	0
327.48	0
327.6	0
327.72	0
327.84	0
327.96	0
328.08	0
328.2	0
328.32	0
328.44	0
328.56	0
328.68	0
328.8	0
328.92	0
329.04	0
329.16	0
329.28	0
329.4	0
329.52	0
329.64	0
329.76	0
329.88	0
330	0
330.12	0
330.24	0
330.36	0
330.48	0
330.6	0
330.72	0
330.84	0
330.96	0
331.08	0
331.2	0
331.32	0
331.44	0
331.56	0
331.68	0
331.8	0
331.92	0
332.04	0
332.16	0
332.28	0
332.4	0
332.52	0
332.64	0
332.76	0
332.88	0
333	0
333.12	0
333.24	0
333.36	0
333.48	0
333.6	0
333.72	0
333.84	0
333.96	0
334.08	0
334.200000000001	0
334.320000000001	0
334.440000000001	0
334.560000000001	0
334.680000000001	0
334.800000000001	0
334.920000000001	0
335.040000000001	0
335.160000000001	0
335.280000000001	0
335.400000000001	0
335.520000000001	0
335.640000000001	0
335.760000000001	0
335.880000000001	0
336.000000000001	0
336.120000000001	0
336.240000000001	0
336.360000000001	0
336.480000000001	0
336.600000000001	0
336.72	11904.7618012816
336.84	35714.2854038449
336.96	488095.233852546
337.08	1154761.89472432
337.2	2404761.88385889
337.32	1749999.9847884
337.44	940476.182301248
337.56	261904.759628196
337.68	119047.618012816
337.8	47619.0472051265
337.92	35714.2854038449
338.04	0
338.16	0
338.28	11904.7618012816
338.4	0
338.52	23809.5236025632
338.64	0
338.76	0
338.88	0
339	0
339.12	0
339.24	0
339.36	0
339.48	0
339.6	0
339.72	0
339.84	0
339.96	0
340.08	0
340.2	0
340.32	0
340.44	0
340.56	0
340.68	0
340.8	0
340.92	0
341.04	0
341.16	0
341.28	0
341.4	0
341.52	0
341.64	0
341.76	0
341.88	0
342	0
342.12	0
342.24	0
342.36	0
342.48	0
342.6	0
342.72	0
342.84	0
342.96	0
343.08	0
343.2	0
343.32	0
343.44	0
343.56	0
343.68	0
343.8	0
343.92	0
344.04	0
344.16	0
344.28	0
344.4	0
344.52	0
344.64	0
344.76	0
344.88	0
345	0
345.12	0
345.24	0
345.36	0
345.48	0
345.6	0
345.72	0
345.84	0
345.96	0
346.08	0
346.2	0
346.32	0
346.44	0
346.56	0
346.68	0
346.8	0
346.92	0
347.04	0
347.16	0
347.28	0
347.4	0
347.52	0
347.64	0
347.76	0
347.88	0
348	0
348.12	0
348.24	0
348.36	0
348.48	0
348.6	0
348.72	0
348.84	0
348.96	0
349.08	0
349.2	0
349.32	0
349.44	0
349.56	0
349.68	0
349.8	0
349.92	0
350.04	0
350.16	0
350.28	0
350.4	0
350.52	0
350.64	0
350.76	0
350.88	0
351	0
351.12	0
351.24	0
351.36	0
351.48	0
351.6	0
351.72	0
351.84	0
351.96	0
352.08	0
352.200000000001	0
352.320000000001	0
352.440000000001	0
352.560000000001	0
352.680000000001	0
352.800000000001	0
352.920000000001	0
353.040000000001	0
353.160000000001	0
353.280000000001	0
353.400000000001	0
353.520000000001	0
353.640000000001	0
353.760000000001	0
353.880000000001	0
354.000000000001	0
354.120000000001	0
354.240000000001	0
354.360000000001	0
354.480000000001	0
354.600000000001	0
354.720000000001	0
354.840000000001	0
354.960000000001	0
355.080000000001	0
355.200000000001	0
355.320000000001	0
355.440000000001	0
355.560000000001	0
355.680000000001	0
355.800000000001	0
355.920000000001	0
356.040000000001	0
356.160000000001	0
356.280000000001	0
356.400000000001	0
356.520000000001	0
356.640000000001	0
356.760000000001	0
356.880000000001	0
357.000000000001	0
357.120000000001	0
357.240000000001	0
357.360000000001	0
357.480000000001	0
357.600000000001	0
357.720000000001	0
357.840000000001	0
357.960000000001	0
358.080000000001	0
358.200000000001	0
358.320000000001	0
358.440000000001	0
358.560000000001	0
358.680000000001	0
358.800000000001	0
358.920000000001	0
359.040000000001	0
359.160000000001	0
359.280000000001	0
359.400000000001	0
359.520000000001	0
359.640000000001	0
359.760000000001	0
359.880000000001	0
360.000000000001	0
360.120000000001	0
360.240000000001	0
360.360000000001	0
360.480000000001	0
360.600000000001	0
360.720000000001	0
360.840000000001	0
360.960000000001	0
361.080000000001	0
361.200000000001	0
361.320000000001	0
361.440000000001	0
361.560000000001	0
361.680000000001	0
361.800000000001	0
361.920000000001	0
362.040000000001	0
362.160000000001	0
362.280000000001	0
362.400000000001	0
362.520000000001	0
362.640000000001	0
362.760000000001	0
362.880000000001	0
363.000000000001	0
363.120000000001	0
363.240000000001	0
363.360000000001	0
363.480000000001	0
363.600000000001	0
363.720000000001	0
363.840000000001	0
363.960000000001	0
364.080000000001	0
364.200000000001	0
364.320000000001	0
364.440000000001	0
364.560000000001	0
364.680000000001	0
364.800000000001	0
364.920000000001	0
365.040000000001	0
365.160000000001	0
365.280000000001	0
365.400000000001	0
365.520000000001	0
365.640000000001	0
365.760000000001	0
365.880000000001	0
366.000000000001	0
366.120000000001	0
366.240000000001	0
366.360000000001	0
366.480000000001	0
366.600000000001	0
366.720000000001	0
366.840000000001	0
366.960000000001	0
367.080000000001	0
367.200000000001	0
367.320000000001	0
367.440000000001	0
367.560000000001	0
367.680000000001	0
367.800000000001	0
367.920000000001	0
368.040000000001	0
368.160000000001	0
368.280000000001	0
368.400000000001	0
368.520000000001	0
368.640000000001	0
368.760000000001	0
368.880000000001	0
369.000000000001	0
369.120000000001	0
369.240000000001	0
369.360000000001	0
369.480000000001	0
369.600000000001	0
369.720000000001	0
369.840000000001	0
369.960000000001	0
370.080000000001	0
370.200000000001	0
370.320000000001	0
370.440000000001	0
370.560000000001	0
370.680000000001	0
370.800000000001	0
370.920000000001	0
371.040000000001	0
371.160000000001	0
371.280000000001	0
371.400000000001	0
371.520000000001	0
371.640000000001	0
371.760000000001	0
371.880000000001	0
372.000000000001	0
372.120000000001	0
372.240000000001	0
372.360000000001	0
372.480000000001	0
372.600000000001	0
372.720000000001	0
372.840000000001	0
372.960000000001	0
373.080000000001	0
373.200000000001	0
373.320000000001	0
373.440000000001	0
373.560000000001	0
373.680000000001	0
373.800000000001	0
373.920000000001	0
374.040000000001	0
374.160000000001	0
374.280000000001	0
374.400000000001	0
374.520000000001	0
374.640000000001	0
374.760000000001	0
374.880000000001	0
375.000000000001	0
375.120000000001	0
375.240000000001	0
375.360000000001	0
375.480000000001	0
375.600000000001	0
375.720000000001	0
375.840000000001	0
375.960000000001	0
376.080000000001	0
376.200000000001	0
376.320000000001	0
376.440000000001	0
376.560000000001	0
376.680000000001	0
376.800000000001	0
376.920000000001	0
377.040000000001	0
377.160000000001	0
377.280000000001	0
377.400000000001	0
377.520000000001	0
377.640000000001	0
377.760000000001	0
377.880000000001	0
378.000000000001	0
378.120000000001	0
378.240000000001	0
378.360000000001	0
378.480000000001	0
378.600000000002	0
378.720000000002	0
378.840000000002	0
378.960000000002	0
379.080000000002	0
379.200000000002	0
379.320000000002	0
379.440000000002	0
379.560000000002	0
379.680000000002	0
379.800000000002	0
379.920000000002	0
380.040000000002	0
380.160000000002	0
380.280000000002	0
380.400000000002	0
380.520000000002	0
380.640000000002	0
380.760000000002	0
380.880000000002	0
381.000000000002	0
381.120000000002	0
381.240000000002	0
381.360000000002	0
381.480000000002	0
381.600000000002	0
381.720000000002	0
381.840000000002	0
381.960000000002	0
382.080000000002	0
382.200000000002	0
382.320000000002	0
382.440000000002	0
382.560000000002	0
382.680000000002	0
382.800000000002	0
382.920000000002	0
383.040000000002	0
383.160000000002	0
383.280000000002	0
383.400000000002	0
383.520000000002	0
383.640000000002	0
383.760000000002	0
383.880000000002	0
384.000000000002	0
384.120000000002	0
384.240000000002	0
384.360000000002	0
384.480000000002	0
384.600000000002	0
384.720000000002	0
384.840000000002	0
384.960000000002	0
385.080000000002	0
385.200000000002	0
385.320000000002	0
385.440000000002	0
385.560000000002	0
385.680000000002	0
385.800000000002	0
385.920000000002	0
386.040000000002	0
386.160000000002	0
386.280000000002	0
386.400000000002	0
386.520000000002	0
386.640000000002	0
386.760000000002	0
386.880000000002	0
387.000000000002	0
387.120000000002	0
387.240000000002	0
387.360000000002	0
387.480000000002	0
387.600000000002	0
387.720000000002	0
387.840000000002	0
387.960000000002	0
388.080000000002	0
388.200000000002	0
388.320000000002	0
388.440000000002	0
388.560000000002	0
388.680000000002	0
388.800000000002	0
388.920000000002	0
389.040000000002	0
389.160000000002	0
389.280000000002	0
389.400000000002	0
389.520000000002	0
389.640000000002	0
389.760000000002	0
389.880000000002	0
390.000000000002	0
390.120000000002	0
390.240000000002	0
390.360000000002	0
390.480000000002	0
390.600000000002	0
390.720000000002	0
390.840000000002	0
390.960000000002	0
391.080000000002	0
391.200000000002	0
391.320000000002	0
391.440000000002	0
391.560000000002	0
391.680000000002	0
391.800000000002	0
391.920000000002	0
392.040000000002	0
392.160000000002	0
392.280000000002	0
392.400000000002	0
392.520000000002	0
392.640000000002	0
392.760000000002	0
392.880000000002	0
393.000000000002	0
393.120000000002	0
393.240000000002	0
393.360000000002	0
393.480000000002	0
393.600000000002	0
393.720000000002	0
393.840000000002	0
393.960000000002	0
394.080000000002	0
394.200000000002	0
394.320000000002	0
394.440000000002	0
394.560000000002	0
394.680000000002	0
394.800000000002	0
394.920000000002	0
395.040000000002	0
395.160000000002	0
395.280000000002	0
395.400000000002	0
395.520000000002	0
395.640000000002	0
395.760000000002	0
395.880000000002	0
396.000000000002	0
396.120000000002	0
396.240000000002	0
396.360000000002	0
396.480000000002	0
396.600000000002	0
396.720000000002	0
396.840000000002	0
396.960000000002	0
397.080000000002	0
397.200000000002	0
397.320000000002	0
397.440000000002	0
397.560000000002	0
397.680000000002	0
397.800000000002	0
397.920000000002	0
398.040000000002	0
398.160000000002	0
398.280000000002	0
398.400000000002	0
398.520000000002	0
398.640000000002	0
398.760000000002	0
398.880000000002	0
399.000000000002	0
399.120000000002	0
399.240000000002	0
399.360000000002	0
399.480000000002	0
399.600000000002	0
399.720000000002	0
399.840000000002	0
399.960000000002	0
400.080000000002	0
400.200000000002	0
400.320000000002	0
400.440000000002	0
400.560000000002	0
400.680000000002	0
400.800000000002	0
400.920000000002	0
401.040000000002	0
401.160000000002	0
401.280000000002	0
401.400000000002	0
401.520000000002	0
401.640000000002	0
401.760000000002	0
401.880000000002	0
402.000000000002	0
402.120000000002	0
402.240000000002	0
402.360000000002	0
402.480000000002	0
402.600000000002	0
402.720000000002	0
402.840000000002	0
402.960000000002	0
403.080000000002	0
403.200000000002	0
403.320000000002	0
403.440000000002	0
403.560000000002	0
403.680000000002	0
403.800000000002	0
403.920000000002	0
404.040000000002	0
404.160000000002	0
404.280000000002	0
404.400000000002	0
404.520000000002	0
404.640000000002	0
404.760000000002	0
404.880000000002	0
405.000000000003	0
405.120000000003	0
405.240000000003	0
405.360000000003	0
405.480000000003	0
405.600000000003	0
405.720000000003	0
405.840000000003	0
405.960000000003	0
406.080000000003	0
406.200000000003	0
406.320000000003	0
406.440000000003	0
406.560000000003	0
406.680000000003	0
406.800000000003	0
406.920000000003	0
407.040000000003	0
407.160000000003	0
407.280000000003	0
407.400000000003	0
407.520000000003	0
407.640000000003	0
407.760000000003	0
407.880000000003	0
408.000000000003	0
408.120000000003	0
408.240000000003	0
408.360000000003	0
408.480000000003	0
408.600000000003	0
408.720000000003	0
408.840000000003	0
408.960000000003	0
409.080000000003	0
409.200000000003	0
409.320000000003	0
409.440000000003	0
409.560000000003	0
409.680000000003	0
409.800000000003	0
409.920000000003	0
410.040000000003	0
410.160000000003	0
410.280000000003	0
410.400000000003	0
410.520000000003	0
410.640000000003	0
410.760000000003	0
410.880000000003	0
411.000000000003	0
411.120000000003	0
411.240000000003	0
411.360000000003	0
411.480000000003	0
411.600000000003	0
411.720000000003	0
411.840000000003	0
411.960000000003	0
412.080000000003	0
412.200000000003	0
412.320000000003	0
412.440000000003	0
412.560000000003	0
412.680000000003	0
412.800000000003	0
412.920000000003	0
413.040000000003	0
413.160000000003	0
413.280000000003	0
413.400000000003	0
413.520000000003	0
413.640000000003	0
413.760000000003	0
413.880000000003	0
414.000000000003	0
414.120000000003	0
414.240000000003	0
414.360000000003	0
414.480000000003	0
414.600000000003	0
414.720000000003	0
414.840000000003	0
414.960000000003	0
415.080000000003	0
415.200000000003	0
415.320000000003	0
415.440000000003	0
415.560000000003	0
415.680000000003	0
415.800000000003	0
415.920000000003	0
416.040000000003	0
416.160000000003	0
416.280000000003	0
416.400000000003	0
416.520000000003	0
416.640000000003	0
416.760000000003	0
416.880000000003	0
417.000000000003	0
417.120000000003	0
417.240000000003	0
417.360000000003	0
417.480000000003	0
417.600000000003	0
417.720000000003	0
417.840000000003	0
417.960000000003	0
418.080000000003	0
418.200000000003	0
418.320000000003	0
418.440000000003	0
418.560000000003	0
418.680000000003	0
418.800000000003	0
418.920000000003	0
419.040000000003	0
419.160000000003	0
419.280000000003	0
419.400000000003	0
419.520000000003	0
419.640000000003	0
419.760000000003	0
419.880000000003	0
420.000000000003	0
420.120000000003	0
420.240000000003	0
420.360000000003	0
420.480000000003	0
420.600000000003	0
420.720000000003	0
420.840000000003	0
420.960000000003	0
421.080000000003	0
421.200000000003	0
421.320000000003	0
421.440000000003	0
421.560000000003	0
421.680000000003	0
421.800000000003	0
421.920000000003	0
422.040000000003	0
422.160000000003	0
422.280000000003	0
422.400000000003	0
422.520000000003	0
422.640000000003	0
422.760000000003	0
422.880000000003	0
423.000000000003	0
423.120000000003	0
423.240000000003	0
423.360000000003	0
423.480000000003	0
423.600000000003	0
423.720000000003	0
423.840000000003	0
423.960000000003	0
424.080000000003	0
424.200000000003	0
424.320000000003	0
424.440000000003	0
424.560000000003	0
424.680000000003	0
424.800000000003	0
424.920000000003	0
425.040000000003	0
425.160000000003	0
425.280000000003	0
425.400000000003	0
425.520000000003	0
425.640000000003	0
425.760000000003	0
425.880000000003	0
426.000000000003	0
426.120000000003	0
426.240000000003	0
426.360000000003	0
426.480000000003	0
426.600000000003	0
426.720000000003	0
426.840000000003	0
426.960000000003	0
427.080000000003	0
427.200000000003	0
427.320000000003	0
427.440000000003	0
427.560000000003	0
427.680000000003	0
427.800000000003	0
427.920000000003	0
428.040000000003	0
428.160000000003	0
428.280000000003	0
428.400000000003	0
428.520000000003	0
428.640000000003	0
428.760000000003	0
428.880000000003	0
429.000000000003	0
429.120000000003	0
429.240000000003	0
429.360000000003	0
429.480000000003	0
429.600000000003	0
429.720000000003	0
429.840000000003	0
429.960000000003	0
430.080000000003	0
430.200000000003	0
430.320000000003	0
430.440000000003	0
430.560000000003	0
430.680000000003	0
430.800000000003	0
430.920000000003	0
431.040000000003	0
431.160000000003	0
431.280000000003	0
431.400000000004	0
431.520000000004	0
431.640000000004	0
431.760000000004	0
431.880000000004	0
432.000000000004	0
432.120000000004	0
432.240000000004	0
432.360000000004	0
432.480000000004	0
432.600000000004	0
432.720000000004	0
432.840000000004	0
432.960000000004	0
433.080000000004	0
433.200000000004	0
433.320000000004	0
433.440000000004	0
433.560000000004	0
433.680000000004	0
433.800000000004	0
433.920000000004	0
434.040000000004	0
434.160000000004	0
434.280000000004	0
434.400000000004	0
434.520000000004	0
434.640000000004	0
434.760000000004	0
434.880000000004	0
435.000000000004	0
435.120000000004	0
435.240000000004	0
435.360000000004	0
435.480000000004	0
435.600000000004	0
435.720000000004	0
435.840000000004	0
435.960000000004	0
436.080000000004	0
436.200000000004	0
436.320000000004	0
436.440000000004	0
436.560000000004	0
436.680000000004	0
436.800000000004	0
436.920000000004	0
437.040000000004	0
437.160000000004	0
437.280000000004	0
437.400000000004	0
437.520000000004	0
437.640000000004	0
437.760000000004	0
437.880000000004	0
438.000000000004	0
438.120000000004	0
438.240000000004	0
438.360000000004	0
438.480000000004	0
438.600000000004	0
438.720000000004	0
438.840000000004	0
438.960000000004	0
439.080000000004	0
439.200000000004	0
439.320000000004	0
439.440000000004	0
439.560000000004	0
439.680000000004	0
439.800000000004	0
439.920000000004	0
440.040000000004	0
440.160000000004	0
440.280000000004	0
440.400000000004	0
440.520000000004	0
440.640000000004	0
440.760000000004	0
440.880000000004	0
441.000000000004	0
441.120000000004	0
441.240000000004	0
441.360000000004	0
441.480000000004	0
441.600000000004	0
441.720000000004	0
441.840000000004	0
441.960000000004	0
442.080000000004	0
442.200000000004	0
442.320000000004	0
442.440000000004	0
442.560000000004	0
442.680000000004	0
442.800000000004	0
442.920000000004	0
443.040000000004	0
443.160000000004	0
443.280000000004	0
443.400000000004	0
443.520000000004	0
443.640000000004	0
443.760000000004	0
443.880000000004	0
444.000000000004	0
444.120000000004	0
444.240000000004	0
444.360000000004	0
444.480000000004	0
444.600000000004	0
444.720000000004	0
444.840000000004	0
444.960000000004	0
445.080000000004	0
445.200000000004	0
445.320000000004	0
445.440000000004	0
445.560000000004	0
445.680000000004	0
445.800000000004	0
445.920000000004	0
446.040000000004	0
446.160000000004	0
446.280000000004	0
446.400000000004	0
446.520000000004	0
446.640000000004	0
446.760000000004	0
446.880000000004	0
447.000000000004	0
447.120000000004	0
447.240000000004	0
447.360000000004	0
447.480000000004	0
447.600000000004	0
447.720000000004	0
447.840000000004	0
447.960000000004	0
448.080000000004	0
448.200000000004	0
448.320000000004	0
448.440000000004	0
448.560000000004	0
448.680000000004	0
448.800000000004	0
448.920000000004	0
449.040000000004	0
449.160000000004	0
449.280000000004	0
449.400000000004	0
449.520000000004	0
449.640000000004	0
449.760000000004	0
449.880000000004	0
