Mass/Charge	Intensity
50	0
50.12	0
50.24	0
50.36	0
50.48	0
50.6	0
50.72	0
50.84	0
50.96	0
51.08	0
51.2	0
51.32	0
51.44	0
51.56	0
51.68	0
51.8	0
51.92	0
52.04	0
52.16	0
52.28	0
52.3999999999999	0
52.5199999999999	0
52.6399999999999	0
52.7599999999999	0
52.8799999999999	0
53.04	16666.6665217943
53.16	0
53.28	0
53.4	0
53.52	0
53.64	0
53.76	0
53.88	0
54	0
54.12	0
54.24	0
54.36	0
54.48	0
54.6	0
54.72	0
54.84	0
54.96	0
55.08	0
55.2	0
55.32	0
55.4399999999999	0
55.5599999999999	0
55.6799999999999	0
55.7999999999999	0
55.9199999999999	0
56.0399999999999	0
56.1599999999999	0
56.2799999999999	0
56.3999999999999	0
56.5199999999999	0
56.6399999999999	0
56.7599999999999	0
56.8799999999999	0
56.9999999999999	0
57.1199999999999	0
57.2399999999999	0
57.3599999999999	0
57.4799999999999	0
57.5999999999999	0
57.7199999999999	0
57.8399999999999	0
57.9599999999999	0
58.0799999999999	0
58.1999999999999	0
58.3199999999999	0
58.4399999999999	0
58.5599999999999	0
58.6799999999999	0
58.7999999999999	0
58.9199999999999	0
59.0399999999999	0
59.1599999999999	0
59.2799999999999	0
59.3999999999999	0
59.5199999999999	0
59.6399999999999	0
59.7599999999999	0
59.8799999999999	0
59.9999999999999	0
60.1199999999998	0
60.2399999999998	0
60.3599999999998	0
60.4799999999998	0
60.5999999999998	0
60.7199999999998	0
60.8399999999998	0
60.9599999999998	0
61.0799999999998	0
61.1999999999998	0
61.3199999999998	0
61.4399999999998	0
61.5599999999998	0
61.6799999999998	0
61.7999999999998	0
61.9199999999998	0
62.0399999999998	0
62.1599999999998	0
62.2799999999998	0
62.3999999999998	0
62.5199999999998	0
62.6399999999998	0
62.7599999999998	0
62.8799999999998	0
62.9999999999998	0
63.1199999999998	0
63.2399999999998	0
63.3599999999998	0
63.4799999999998	0
63.5999999999998	0
63.7199999999998	0
63.8399999999998	0
63.9599999999998	0
64.0799999999998	0
64.1999999999998	0
64.3199999999998	0
64.4399999999998	0
64.5599999999998	0
64.6799999999998	0
64.7999999999998	0
64.9199999999998	0
65.0399999999998	0
65.1599999999998	0
65.2799999999998	0
65.3999999999998	0
65.5199999999998	0
65.6399999999998	0
65.7599999999998	0
65.8799999999998	0
65.9999999999998	0
66.1199999999998	0
66.2399999999999	0
66.3599999999999	0
66.4799999999999	0
66.5999999999999	0
66.7199999999999	0
66.8399999999999	0
66.9599999999999	0
67.0799999999999	0
67.1999999999999	0
67.3199999999999	0
67.4399999999999	0
67.5599999999999	0
67.6799999999999	0
67.7999999999999	0
67.9199999999999	0
68.0399999999999	0
68.1599999999999	0
68.2799999999999	0
68.3999999999999	0
68.5199999999999	0
68.6399999999999	0
68.7599999999999	0
68.88	0
69	0
69.12	0
69.24	0
69.36	0
69.48	0
69.6	0
69.72	0
69.84	0
69.96	0
70.08	0
70.2	0
70.32	0
70.44	0
70.56	0
70.68	0
70.8	0
70.92	0
71.04	0
71.16	0
71.28	0
71.4	0
71.5200000000001	0
71.6400000000001	0
71.7600000000001	0
71.8800000000001	0
72.0000000000001	0
72.1200000000001	0
72.2400000000001	0
72.3600000000001	0
72.4800000000001	0
72.6000000000001	0
72.7200000000001	0
72.8400000000001	0
72.9600000000001	0
73.0800000000001	0
73.2000000000001	0
73.3200000000001	0
73.4400000000001	0
73.5600000000001	0
73.6800000000001	0
73.8000000000001	0
73.9200000000001	0
74.0400000000001	0
74.1600000000002	0
74.2800000000002	0
74.4000000000002	0
74.5200000000002	0
74.6400000000002	0
74.7600000000002	0
74.8800000000002	0
75.0000000000002	0
75.1200000000002	0
75.2400000000002	0
75.3600000000002	0
75.4800000000002	0
75.6000000000002	0
75.7200000000002	0
75.8400000000002	0
75.9600000000002	0
76.0800000000002	0
76.2000000000002	0
76.3200000000002	0
76.4400000000002	0
76.5600000000002	0
76.6800000000002	0
76.8000000000003	0
76.9200000000003	0
77.04	16666.6665217943
77.16	0
77.28	0
77.4	0
77.52	0
77.64	0
77.76	0
77.88	0
78	0
78.12	0
78.2400000000001	0
78.3600000000001	0
78.4800000000001	0
78.6000000000001	0
78.7200000000001	0
78.8400000000001	0
78.9600000000001	0
79.0800000000001	0
79.2000000000001	0
79.3200000000001	0
79.4400000000001	0
79.5600000000001	0
79.6800000000001	0
79.8000000000001	0
79.9200000000001	0
80.0400000000001	0
80.1600000000001	0
80.2800000000001	0
80.4000000000001	0
80.5200000000001	0
80.6400000000001	0
80.7600000000001	0
80.8800000000002	0
81.0000000000002	0
81.1200000000002	0
81.2400000000002	0
81.3600000000002	0
81.4800000000002	0
81.6000000000002	0
81.7200000000002	0
81.8400000000002	0
81.9600000000002	0
82.0800000000002	0
82.2000000000002	0
82.3200000000002	0
82.4400000000002	0
82.5600000000002	0
82.6800000000002	0
82.8000000000002	0
82.9200000000002	0
83.0400000000002	0
83.1600000000002	0
83.2800000000002	0
83.4000000000002	0
83.5200000000003	0
83.6400000000003	0
83.7600000000003	0
83.8800000000003	0
84.0000000000003	0
84.1200000000003	0
84.2400000000003	0
84.3600000000003	0
84.4800000000003	0
84.6000000000003	0
84.7200000000003	0
84.8400000000003	0
84.9600000000003	0
85.0800000000003	0
85.2000000000003	0
85.3200000000003	0
85.4400000000003	0
85.5600000000003	0
85.6800000000003	0
85.8000000000003	0
85.9200000000003	0
86.0400000000003	0
86.1600000000004	0
86.2800000000004	0
86.4000000000004	0
86.5200000000004	0
86.6400000000004	0
86.7600000000004	0
86.8800000000004	0
87.0000000000004	0
87.1200000000004	0
87.2400000000004	0
87.3600000000004	0
87.4800000000004	0
87.6000000000004	0
87.7200000000004	0
87.8400000000004	0
87.9600000000004	0
88.0800000000004	0
88.2000000000004	0
88.3200000000004	0
88.4400000000004	0
88.5600000000004	0
88.6800000000004	0
88.8000000000005	0
88.9200000000005	0
89.0400000000005	0
89.1600000000005	0
89.2800000000005	0
89.4000000000005	0
89.5200000000005	0
89.6400000000005	0
89.7600000000005	0
89.8800000000005	0
90.0000000000005	0
90.1200000000005	0
90.2400000000005	0
90.3600000000005	0
90.4800000000005	0
90.6000000000005	0
90.7200000000005	0
90.8400000000005	0
90.9600000000005	0
91.0800000000005	0
91.2000000000005	0
91.3200000000005	0
91.4400000000006	0
91.5600000000006	0
91.6800000000006	0
91.8000000000006	0
91.9200000000006	0
92.0400000000006	0
92.1600000000006	0
92.2800000000006	0
92.4000000000006	0
92.5200000000006	0
92.6400000000006	0
92.7600000000006	0
92.8800000000006	0
93.0000000000006	0
93.1200000000006	0
93.2400000000006	0
93.3600000000006	0
93.4800000000006	0
93.6000000000006	0
93.7200000000006	0
93.8400000000006	0
93.9600000000006	0
94.0800000000007	0
94.2000000000007	0
94.3200000000007	0
94.4400000000007	0
94.5600000000007	0
94.6800000000007	0
94.8000000000007	0
94.9200000000007	0
95.0400000000007	0
95.1600000000007	0
95.2800000000007	0
95.4000000000007	0
95.5200000000007	0
95.6400000000007	0
95.7600000000007	0
95.8800000000007	0
96.0000000000007	0
96.1200000000007	0
96.2400000000007	0
96.3600000000007	0
96.4800000000007	0
96.6000000000007	0
96.7200000000008	0
96.8400000000008	0
96.9600000000008	0
97.0800000000008	0
97.2000000000008	0
97.3200000000008	0
97.4400000000008	0
97.5600000000008	0
97.6800000000008	0
97.8000000000008	0
97.9200000000008	0
98.0400000000008	0
98.1600000000008	0
98.2800000000008	0
98.4000000000008	0
98.5200000000008	0
98.6400000000008	0
98.76	16666.6665217943
98.88	33333.3330435885
99	66666.6660871771
99.12	16666.6665217943
99.24	0
99.36	0
99.48	0
99.6	0
99.72	16666.6665217943
99.84	0
99.96	0
100.08	0
100.2	0
100.32	0
100.44	0
100.56	0
100.68	0
100.8	0
100.92	0
101.04	0
101.16	0
101.28	0
101.4	0
101.52	0
101.64	0
101.76	0
101.88	0
102	0
102.12	0
102.24	0
102.36	0
102.48	0
102.6	0
102.72	0
102.84	0
102.96	0
103.08	0
103.2	0
103.32	0
103.44	0
103.56	0
103.68	0
103.8	0
103.92	16666.6665217943
104.04	0
104.16	0
104.28	0
104.4	0
104.52	0
104.64	0
104.76	0
104.88	0
105	0
105.12	0
105.24	0
105.36	0
105.48	0
105.6	0
105.72	0
105.84	0
105.96	0
106.08	16666.6665217943
106.2	16666.6665217943
106.32	33333.3330435885
106.44	0
106.56	0
106.68	0
106.8	0
106.92	0
107.04	0
107.16	0
107.28	0
107.4	0
107.52	0
107.64	0
107.76	0
107.88	16666.6665217943
108	0
108.12	99999.9991307656
108.24	16666.6665217943
108.36	0
108.48	16666.6665217943
108.6	0
108.72	0
108.84	0
108.96	0
109.08	0
109.2	0
109.32	0
109.44	0
109.56	0
109.68	0
109.8	0
109.92	0
110.04	0
110.16	0
110.28	0
110.4	0
110.52	0
110.64	0
110.76	16666.6665217943
110.88	116666.66565256
111	366666.663479474
111.12	349999.99695768
111.24	99999.9991307656
111.36	16666.6665217943
111.48	33333.3330435885
111.6	0
111.72	16666.6665217943
111.84	0
111.96	16666.6665217943
112.08	0
112.2	0
112.32	0
112.44	0
112.56	0
112.68	0
112.8	0
112.92	0
113.04	16666.6665217943
113.16	0
113.28	0
113.4	0
113.52	0
113.64	0
113.76	0
113.88	0
114	0
114.12	0
114.24	0
114.36	0
114.48	0
114.6	0
114.72	0
114.84	0
114.96	0
115.08	0
115.2	0
115.32	0
115.44	0
115.56	0
115.68	0
115.8	0
115.92	0
116.04	0
116.16	0
116.28	0
116.4	0
116.52	0
116.64	0
116.76	0
116.88	0
117	0
117.12	0
117.24	16666.6665217943
117.36	0
117.48	0
117.6	0
117.72	0
117.84	0
117.96	0
118.08	16666.6665217943
118.2	0
118.32	0
118.44	0
118.56	0
118.68	0
118.8	0
118.92	0
119.04	0
119.16	0
119.28	0
119.4	0
119.52	0
119.64	0
119.76	0
119.88	0
120	0
120.12	0
120.24	0
120.36	0
120.48	0
120.6	0
120.72	0
120.84	0
120.96	0
121.08	0
121.2	0
121.32	0
121.44	0
121.56	0
121.68	0
121.8	0
121.92	16666.6665217943
122.04	16666.6665217943
122.16	0
122.28	0
122.4	0
122.52	0
122.64	0
122.76	0
122.88	0
123	0
123.12	0
123.24	0
123.36	0
123.48	0
123.6	0
123.72	0
123.84	0
123.96	0
124.08	0
124.2	0
124.32	0
124.44	0
124.56	0
124.68	0
124.8	0
124.92	0
125.04	0
125.16	0
125.28	0
125.4	0
125.52	0
125.64	0
125.76	16666.6665217943
125.88	16666.6665217943
126	83333.3326089713
126.12	133333.332174354
126.24	99999.9991307656
126.36	33333.3330435885
126.48	16666.6665217943
126.6	0
126.72	16666.6665217943
126.84	0
126.96	0
127.08	0
127.2	0
127.32	0
127.44	0
127.56	0
127.68	0
127.8	0
127.92	0
128.04	16666.6665217943
128.16	16666.6665217943
128.28	16666.6665217943
128.4	0
128.52	0
128.64	0
128.76	0
128.88	0
129	0
129.12	0
129.24	0
129.36	0
129.48	0
129.6	0
129.72	0
129.84	0
129.96	0
130.08	0
130.2	0
130.32	0
130.44	0
130.56	0
130.68	0
130.8	0
130.92	0
131.04	0
131.16	0
131.28	0
131.4	0
131.52	0
131.64	16666.6665217943
131.76	16666.6665217943
131.88	33333.3330435885
132	416666.663044857
132.12	899999.99217689
132.24	516666.662175622
132.36	66666.6660871771
132.48	66666.6660871771
132.6	16666.6665217943
132.72	16666.6665217943
132.84	0
132.96	0
133.08	0
133.2	0
133.32	0
133.44	0
133.56	0
133.68	0
133.8	0
133.92	16666.6665217943
134.04	0
134.16	0
134.28	0
134.4	0
134.52	0
134.64	0
134.76	0
134.88	0
135	0
135.12	0
135.24	0
135.36	0
135.48	0
135.6	0
135.72	0
135.84	0
135.96	0
136.08	0
136.2	0
136.32	0
136.44	0
136.56	0
136.68	0
136.8	0
136.92	0
137.04	0
137.16	0
137.28	0
137.4	0
137.52	0
137.64	0
137.76	0
137.88	0
138	0
138.12	0
138.24	0
138.36	0
138.48	0
138.6	0
138.72	0
138.84	0
138.96	0
139.08	0
139.2	0
139.32	0
139.44	0
139.56	0
139.68	0
139.8	0
139.92	16666.6665217943
140.04	149999.998696148
140.16	333333.330435885
140.28	66666.6660871771
140.4	16666.6665217943
140.52	16666.6665217943
140.64	0
140.76	0
140.88	0
141	0
141.12	16666.6665217943
141.24	0
141.36	0
141.48	0
141.6	0
141.72	0
141.84	0
141.96	0
142.08	16666.6665217943
142.2	0
142.32	0
142.44	0
142.56	0
142.68	0
142.8	0
142.92	0
143.04	0
143.16	0
143.28	0
143.4	0
143.52	0
143.64	0
143.76	0
143.88	0
144	0
144.12	0
144.24	0
144.36	0
144.48	0
144.6	0
144.72	0
144.84	0
144.96	0
145.08	0
145.2	0
145.32	16666.6665217943
145.44	0
145.56	0
145.68	0
145.8	0
145.92	0
146.04	0
146.16	0
146.28	16666.6665217943
146.4	0
146.52	0
146.64	0
146.76	0
146.88	0
147	16666.6665217943
147.12	0
147.24	0
147.36	0
147.48	0
147.6	0
147.72	0
147.84	0
147.96	0
148.08	0
148.2	0
148.32	0
148.44	0
148.56	0
148.68	0
148.8	0
148.92	0
149.04	0
149.16	0
149.28	0
149.4	0
149.52	0
149.64	0
149.76	0
149.88	0
150	0
150.12	33333.3330435885
150.24	33333.3330435885
150.36	0
150.48	0
150.6	0
150.72	0
150.84	0
150.96	0
151.08	0
151.2	0
151.32	0
151.44	0
151.56	0
151.68	0
151.8	0
151.92	0
152.04	0
152.16	0
152.28	16666.6665217943
152.4	0
152.52	0
152.64	0
152.76	0
152.88	0
153	0
153.12	0
153.24	0
153.36	0
153.48	0
153.6	0
153.72	0
153.84	0
153.96	0
154.08	0
154.2	0
154.32	0
154.44	0
154.56	0
154.68	0
154.8	0
154.92	0
155.04	0
155.16	0
155.28	0
155.4	0
155.52	0
155.64	0
155.76	0
155.88	0
156	0
156.12	0
156.24	0
156.36	0
156.48	0
156.6	0
156.72	0
156.84	0
156.96	0
157.08	0
157.2	0
157.32	0
157.44	0
157.56	0
157.68	0
157.8	0
157.92	0
158.04	0
158.16	16666.6665217943
158.28	0
158.4	0
158.52	0
158.64	0
158.76	0
158.88	0
159	0
159.12	0
159.24	0
159.36	0
159.48	0
159.6	0
159.72	0
159.84	0
159.96	16666.6665217943
160.08	16666.6665217943
160.2	66666.6660871771
160.32	33333.3330435885
160.44	0
160.56	0
160.68	0
160.8	0
160.92	0
161.04	0
161.16	0
161.28	0
161.4	0
161.52	0
161.64	0
161.76	0
161.88	0
162	0
162.12	0
162.24	0
162.36	0
162.48	0
162.6	0
162.72	0
162.84	0
162.96	0
163.08	0
163.2	0
163.32	0
163.44	0
163.56	0
163.68	0
163.8	0
163.92	0
164.04	0
164.16	0
164.28	0
164.4	0
164.52	0
164.64	0
164.76	0
164.88	0
165	0
165.12	0
165.24	0
165.36	0
165.48	0
165.6	0
165.72	0
165.84	0
165.96	0
166.08	0
166.2	0
166.32	0
166.44	0
166.56	0
166.68	0
166.8	0
166.92	0
167.04	0
167.16	0
167.28	0
167.4	0
167.52	0
167.64	0
167.76	0
167.88	0
168	0
168.12	0
168.24	0
168.36	0
168.48	0
168.6	0
168.72	0
168.84	0
168.96	0
169.08	0
169.2	0
169.32	0
169.44	0
169.56	0
169.68	0
169.8	0
169.92	0
170.04	0
170.16	0
170.28	0
170.4	0
170.52	0
170.64	0
170.76	0
170.88	0
171	0
171.12	0
171.24	0
171.36	0
171.48	0
171.6	0
171.72	0
171.84	0
171.96	0
172.08	0
172.2	49999.9995653828
172.32	0
172.44	0
172.56	0
172.68	0
172.8	0
172.92	0
173.04	0
173.16	0
173.28	0
173.4	0
173.52	0
173.64	0
173.76	0
173.88	0
174	0
174.12	0
174.24	0
174.36	0
174.48	0
174.6	0
174.72	0
174.84	0
174.96	0
175.08	0
175.2	0
175.32	0
175.44	0
175.56	0
175.68	0
175.8	0
175.92	0
176.04	0
176.16	33333.3330435885
176.28	0
176.4	0
176.52	16666.6665217943
176.64	0
176.76	0
176.88	0
177	0
177.12	0
177.24	0
177.36	0
177.48	0
177.6	0
177.72	0
177.84	0
177.96	0
178.08	16666.6665217943
178.2	33333.3330435885
178.32	0
178.44	0
178.56	0
178.68	0
178.8	0
178.92	0
179.04	0
179.16	0
179.28	0
179.4	0
179.52	0
179.64	0
179.76	0
179.88	0
180	0
180.12	0
180.24	0
180.36	0
180.48	0
180.6	0
180.72	0
180.84	0
180.96	0
181.08	0
181.2	0
181.32	0
181.44	0
181.56	0
181.68	0
181.8	0
181.92	0
182.04	0
182.16	0
182.28	0
182.4	0
182.52	0
182.64	0
182.76	0
182.88	0
183	0
183.12	0
183.24	0
183.36	0
183.48	0
183.6	0
183.72	0
183.84	0
183.96	0
184.08	0
184.2	0
184.32	0
184.44	0
184.56	0
184.68	0
184.8	0
184.92	0
185.04	0
185.16	0
185.28	0
185.4	0
185.52	0
185.64	0
185.76	0
185.88	0
186	0
186.12	0
186.24	0
186.36	0
186.48	0
186.6	0
186.72	0
186.84	0
186.96	0
187.08	0
187.2	0
187.32	0
187.44	0
187.56	0
187.68	0
187.8	0
187.92	0
188.04	0
188.16	16666.6665217943
188.28	0
188.4	0
188.52	0
188.64	0
188.76	0
188.88	0
189	0
189.12	0
189.24	0
189.36	0
189.48	0
189.6	0
189.72	0
189.84	0
189.96	0
190.08	0
190.2	0
190.32	0
190.44	0
190.56	0
190.68	0
190.8	0
190.92	0
191.04	0
191.16	0
191.28	0
191.4	0
191.52	0
191.64	0
191.76	0
191.88	0
192	0
192.12	0
192.24	0
192.36	0
192.48	0
192.6	0
192.72	0
192.84	0
192.96	0
193.08	0
193.2	0
193.32	0
193.44	0
193.56	0
193.68	0
193.8	0
193.92	0
194.04	0
194.16	0
194.28	0
194.4	0
194.52	0
194.64	0
194.76	0
194.88	0
195	0
195.12	0
195.24	0
195.36	0
195.48	0
195.6	0
195.72	0
195.84	0
195.96	16666.6665217943
196.08	0
196.2	0
196.32	0
196.44	0
196.56	0
196.68	0
196.8	0
196.92	0
197.04	0
197.16	0
197.28	0
197.4	0
197.52	0
197.64	0
197.76	0
197.88	0
198	0
198.12	0
198.24	0
198.36	0
198.48	0
198.6	0
198.72	0
198.84	0
198.96	0
199.08	0
199.2	0
199.32	0
199.44	0
199.56	0
199.68	0
199.8	0
199.92	0
200.04	0
200.16	0
200.28	0
200.4	0
200.52	0
200.64	0
200.76	0
200.88	0
201	0
201.12	0
201.24	33333.3330435885
201.36	16666.6665217943
201.48	0
201.6	0
201.72	0
201.84	0
201.96	0
202.08	0
202.2	0
202.32	0
202.44	0
202.56	0
202.68	0
202.8	0
202.92	0
203.04	0
203.16	0
203.28	0
203.4	0
203.52	0
203.64	0
203.76	0
203.88	0
204	0
204.12	0
204.24	0
204.36	0
204.48	0
204.6	0
204.72	0
204.84	0
204.96	0
205.08	0
205.2	0
205.32	0
205.44	0
205.56	0
205.68	0
205.8	0
205.92	33333.3330435885
206.04	199999.998261531
206.16	549999.995219211
206.28	166666.665217943
206.4	49999.9995653828
206.52	33333.3330435885
206.64	16666.6665217943
206.76	16666.6665217943
206.88	0
207	0
207.12	0
207.24	0
207.36	0
207.48	0
207.6	0
207.72	0
207.84	0
207.96	0
208.08	0
208.2	0
208.32	0
208.44	0
208.56	0
208.68	0
208.8	0
208.92	0
209.04	0
209.16	0
209.28	0
209.4	0
209.52	0
209.64	0
209.76	0
209.88	0
210	0
210.12	0
210.24	0
210.36	0
210.48	0
210.6	0
210.72	0
210.84	0
210.96	0
211.08	0
211.2	0
211.32	0
211.44	0
211.56	0
211.68	0
211.8	0
211.92	0
212.04	0
212.16	0
212.28	0
212.4	0
212.52	0
212.64	0
212.76	0
212.88	0
213	0
213.12	0
213.24	0
213.36	0
213.48	0
213.6	0
213.72	0
213.84	0
213.96	0
214.08	0
214.2	0
214.32	0
214.44	0
214.56	0
214.68	0
214.8	0
214.92	0
215.04	0
215.16	0
215.28	0
215.4	0
215.52	0
215.64	0
215.76	0
215.88	0
216	0
216.12	0
216.24	16666.6665217943
216.36	33333.3330435885
216.48	0
216.6	0
216.72	0
216.84	0
216.96	0
217.08	0
217.2	0
217.32	0
217.44	0
217.56	0
217.68	0
217.8	0
217.92	0
218.04	0
218.16	0
218.28	0
218.4	0
218.52	0
218.64	0
218.76	0
218.88	0
219	0
219.12	0
219.24	0
219.36	0
219.48	0
219.6	0
219.72	0
219.84	0
219.96	0
220.08	0
220.2	0
220.32	0
220.44	0
220.56	0
220.68	0
220.8	0
220.92	0
221.04	0
221.16	0
221.28	0
221.4	0
221.52	0
221.64	0
221.76	0
221.88	0
222	0
222.12	0
222.24	0
222.36	0
222.48	0
222.6	0
222.72	0
222.84	0
222.96	0
223.08	0
223.2	0
223.32	0
223.44	0
223.56	0
223.68	0
223.8	0
223.92	33333.3330435885
224.04	333333.330435885
224.16	1083333.32391663
224.28	749999.993480742
224.4	233333.33130512
224.52	66666.6660871771
224.64	49999.9995653828
224.76	33333.3330435885
224.88	0
225	0
225.12	0
225.24	16666.6665217943
225.36	0
225.48	0
225.6	0
225.72	0
225.84	0
225.96	0
226.08	0
226.2	0
226.32	0
226.44	0
226.56	0
226.68	0
226.8	0
226.92	0
227.04	0
227.16	0
227.28	0
227.4	0
227.52	0
227.64	0
227.76	0
227.88	0
228	0
228.12	0
228.24	0
228.36	0
228.48	0
228.6	0
228.72	0
228.84	0
228.96	0
229.08	0
229.2	33333.3330435885
229.32	0
229.44	0
229.56	0
229.68	0
229.8	0
229.92	0
230.04	0
230.16	0
230.28	0
230.4	0
230.52	0
230.64	0
230.76	0
230.88	0
231	0
231.12	0
231.24	0
231.36	0
231.48	0
231.6	0
231.72	0
231.84	0
231.96	0
232.08	0
232.2	0
232.32	0
232.44	0
232.56	0
232.68	0
232.8	0
232.92	0
233.04	0
233.16	0
233.28	0
233.4	0
233.52	0
233.64	0
233.76	0
233.88	0
234	0
234.12	33333.3330435885
234.24	0
234.36	0
234.48	0
234.6	0
234.72	0
234.84	0
234.96	0
235.08	0
235.2	0
235.32	0
235.44	0
235.56	0
235.68	0
235.8	0
235.92	0
236.04	0
236.16	0
236.28	0
236.4	0
236.52	0
236.64	0
236.76	0
236.88	0
237	0
237.12	0
237.24	0
237.36	0
237.48	0
237.6	0
237.72	0
237.84	0
237.96	33333.3330435885
238.08	249999.997826914
238.2	249999.997826914
238.32	83333.3326089713
238.44	16666.6665217943
238.56	33333.3330435885
238.68	16666.6665217943
238.8	0
238.92	16666.6665217943
239.04	0
239.16	0
239.28	0
239.4	0
239.52	0
239.64	0
239.76	0
239.88	0
240	0
240.12	0
240.24	0
240.36	0
240.48	0
240.6	0
240.72	0
240.84	0
240.96	0
241.08	0
241.2	0
241.32	0
241.44	0
241.56	0
241.68	0
241.8	0
241.92	0
242.04	0
242.16	0
242.28	0
242.4	0
242.52	0
242.64	0
242.76	0
242.88	0
243	0
243.12	0
243.24	0
243.36	0
243.48	0
243.6	0
243.72	0
243.84	0
243.96	0
244.08	0
244.2	0
244.32	0
244.44	0
244.56	0
244.68	0
244.8	0
244.92	0
245.04	0
245.16	0
245.28	0
245.4	0
245.52	0
245.64	0
245.76	0
245.88	0
246	0
246.12	16666.6665217943
246.24	0
246.36	0
246.48	0
246.6	0
246.72	0
246.84	0
246.96	0
247.08	0
247.2	0
247.32	0
247.44	0
247.56	0
247.68	0
247.8	0
247.92	0
248.04	0
248.16	0
248.28	0
248.4	0
248.52	0
248.64	0
248.76	0
248.88	0
249	0
249.12	0
249.24	0
249.36	0
249.48	0
249.6	0
249.72	0
249.84	0
249.96	0
250.08	0
250.2	0
250.32	0
250.44	0
250.56	0
250.68	0
250.8	0
250.92	0
251.04	0
251.16	0
251.28	0
251.4	0
251.52	0
251.64	0
251.76	0
251.88	0
252	0
252.12	0
252.24	0
252.36	0
252.48	0
252.6	0
252.72	0
252.84	0
252.96	0
253.08	0
253.2	0
253.32	0
253.44	0
253.56	0
253.68	0
253.8	0
253.92	0
254.04	0
254.16	0
254.28	0
254.4	0
254.52	0
254.64	0
254.76	0
254.88	0
255	0
255.12	0
255.24	0
255.36	0
255.48	0
255.6	0
255.72	0
255.84	0
255.96	0
256.08	0
256.2	0
256.32	0
256.44	0
256.56	0
256.68	0
256.8	0
256.92	0
257.04	0
257.16	49999.9995653828
257.28	0
257.4	0
257.52	0
257.64	0
257.76	0
257.88	0
258	0
258.12	0
258.24	0
258.36	0
258.48	0
258.6	0
258.72	0
258.84	0
258.96	0
259.08	0
259.2	0
259.32	0
259.44	0
259.56	0
259.68	0
259.8	0
259.92	0
260.04	0
260.16	16666.6665217943
260.28	66666.6660871771
260.4	33333.3330435885
260.52	16666.6665217943
260.64	0
260.76	0
260.88	0
261	0
261.12	0
261.24	0
261.36	0
261.48	0
261.6	0
261.72	0
261.84	0
261.96	0
262.08	0
262.2	0
262.32	0
262.44	0
262.56	0
262.68	0
262.8	0
262.92	0
263.04	0
263.16	0
263.28	0
263.4	0
263.52	0
263.64	0
263.76	0
263.88	0
264	0
264.12	0
264.24	0
264.36	0
264.48	0
264.6	0
264.72	0
264.84	0
264.96	0
265.08	0
265.2	0
265.32	0
265.44	0
265.56	0
265.68	0
265.8	0
265.92	0
266.04	0
266.16	0
266.28	0
266.4	0
266.52	0
266.64	0
266.76	0
266.88	0
267	0
267.12	0
267.24	0
267.36	0
267.48	0
267.6	0
267.72	0
267.84	0
267.96	0
268.08	0
268.2	0
268.32	0
268.44	0
268.56	0
268.68	0
268.8	0
268.92	0
269.04	0
269.16	0
269.28	0
269.4	0
269.52	0
269.64	0
269.76	0
269.88	0
270	0
270.12	0
270.24	0
270.36	0
270.48	0
270.6	0
270.72	0
270.84	0
270.96	0
271.08	49999.9995653828
271.2	16666.6665217943
271.32	16666.6665217943
271.44	16666.6665217943
271.56	0
271.68	0
271.8	0
271.92	0
272.04	0
272.16	0
272.28	0
272.4	0
272.52	0
272.64	0
272.76	0
272.88	0
273	0
273.12	0
273.24	0
273.36	0
273.48	0
273.6	0
273.72	0
273.84	0
273.96	0
274.08	0
274.2	0
274.32	0
274.44	0
274.56	0
274.68	0
274.8	0
274.92	0
275.04	0
275.16	0
275.28	0
275.4	0
275.52	0
275.64	0
275.76	0
275.88	0
276	0
276.12	0
276.24	0
276.36	0
276.48	0
276.6	0
276.72	0
276.84	0
276.96	0
277.08	0
277.2	0
277.32	0
277.44	0
277.56	0
277.68	0
277.8	0
277.92	0
278.04	0
278.16	0
278.28	0
278.4	0
278.52	0
278.64	0
278.76	0
278.88	0
279	0
279.12	0
279.24	0
279.36	0
279.48	0
279.6	0
279.72	0
279.84	0
279.96	0
280.08	0
280.2	0
280.32	0
280.44	0
280.56	0
280.68	0
280.8	0
280.92	0
281.04	0
281.16	0
281.28	0
281.4	0
281.52	0
281.64	0
281.76	0
281.88	0
282	0
282.12	0
282.24	0
282.36	0
282.48	0
282.6	0
282.72	0
282.84	0
282.96	0
283.08	0
283.2	0
283.32	0
283.44	0
283.56	0
283.68	0
283.8	0
283.92	0
284.04	0
284.16	0
284.28	0
284.4	0
284.52	0
284.64	0
284.760000000001	0
284.880000000001	0
285.000000000001	0
285.120000000001	0
285.240000000001	0
285.360000000001	0
285.480000000001	0
285.600000000001	0
285.720000000001	0
285.840000000001	0
285.960000000001	0
286.080000000001	0
286.200000000001	0
286.320000000001	0
286.440000000001	0
286.560000000001	0
286.680000000001	0
286.800000000001	0
286.920000000001	0
287.040000000001	0
287.160000000001	0
287.280000000001	0
287.400000000001	0
287.520000000001	0
287.640000000001	0
287.760000000001	0
287.880000000001	0
288.000000000001	0
288.120000000001	0
288.240000000001	0
288.360000000001	0
288.480000000001	0
288.600000000001	0
288.720000000001	0
288.840000000001	0
288.960000000001	0
289.08	16666.6665217943
289.2	33333.3330435885
289.32	16666.6665217943
289.44	0
289.56	0
289.68	0
289.8	0
289.92	0
290.04	0
290.16	0
290.28	0
290.4	0
290.52	0
290.64	0
290.76	0
290.88	0
291	0
291.12	0
291.24	0
291.36	0
291.48	0
291.6	0
291.72	0
291.84	0
291.96	0
292.08	0
292.2	0
292.32	0
292.44	0
292.56	0
292.68	0
292.8	0
292.92	0
293.04	0
293.16	0
293.28	0
293.4	0
293.52	0
293.64	0
293.76	0
293.88	0
294	0
294.12	0
294.24	0
294.36	0
294.48	0
294.6	0
294.72	0
294.84	0
294.96	0
295.08	0
295.2	0
295.32	0
295.44	0
295.56	0
295.68	0
295.8	0
295.92	0
296.04	0
296.16	0
296.28	0
296.4	0
296.52	0
296.64	0
296.76	0
296.88	0
297	0
297.12	0
297.24	0
297.36	0
297.48	0
297.6	0
297.72	0
297.84	0
297.96	0
298.08	0
298.2	0
298.32	0
298.44	0
298.56	0
298.68	0
298.8	33333.3330435885
298.92	0
299.04	0
299.16	0
299.28	33333.3330435885
299.4	0
299.52	0
299.64	0
299.76	0
299.88	0
300	0
300.12	0
300.24	0
300.36	0
300.48	0
300.6	0
300.72	0
300.84	0
300.96	0
301.08	0
301.2	0
301.32	0
301.44	0
301.56	0
301.68	0
301.8	0
301.92	0
302.04	0
302.16	0
302.28	0
302.4	0
302.52	0
302.64	0
302.76	0
302.88	0
303	0
303.12	0
303.24	0
303.36	0
303.48	0
303.6	0
303.72	0
303.84	0
303.96	0
304.08	0
304.2	0
304.32	0
304.44	0
304.56	0
304.68	0
304.8	0
304.92	0
305.04	0
305.16	0
305.28	0
305.4	0
305.52	0
305.64	0
305.76	0
305.88	0
306	0
306.12	0
306.24	0
306.36	0
306.48	0
306.6	0
306.72	0
306.84	0
306.96	0
307.08	0
307.2	0
307.32	0
307.44	0
307.56	0
307.68	0
307.8	0
307.92	0
308.04	0
308.16	0
308.28	0
308.4	0
308.52	0
308.64	0
308.76	0
308.88	0
309	0
309.12	0
309.24	0
309.36	0
309.48	0
309.6	0
309.72	0
309.84	0
309.96	0
310.08	0
310.2	0
310.32	0
310.44	0
310.56	0
310.68	0
310.8	0
310.92	0
311.04	0
311.16	0
311.28	0
311.4	0
311.52	0
311.64	0
311.76	0
311.88	0
312	0
312.12	0
312.24	0
312.36	0
312.48	0
312.6	0
312.72	0
312.84	0
312.96	0
313.08	0
313.200000000001	0
313.320000000001	0
313.440000000001	0
313.560000000001	0
313.680000000001	0
313.800000000001	0
313.920000000001	0
314.040000000001	0
314.160000000001	0
314.280000000001	0
314.400000000001	0
314.520000000001	0
314.640000000001	0
314.760000000001	0
314.880000000001	0
315.000000000001	0
315.120000000001	0
315.240000000001	0
315.360000000001	0
315.480000000001	0
315.600000000001	0
315.720000000001	0
315.840000000001	0
315.960000000001	0
316.080000000001	0
316.200000000001	0
316.320000000001	0
316.440000000001	0
316.560000000001	0
316.680000000001	0
316.800000000001	0
316.920000000001	0
317.040000000001	0
317.160000000001	0
317.280000000001	0
317.400000000001	0
317.520000000001	0
317.640000000001	0
317.760000000001	0
317.880000000001	0
318.000000000001	0
318.120000000001	0
318.240000000001	0
318.360000000001	0
318.480000000001	0
318.600000000001	0
318.720000000001	0
318.840000000001	0
318.960000000001	0
319.080000000001	0
319.200000000001	0
319.320000000001	0
319.440000000001	0
319.560000000001	0
319.680000000001	0
319.800000000001	0
319.920000000001	0
320.040000000001	0
320.160000000001	0
320.280000000001	0
320.400000000001	0
320.520000000001	0
320.640000000001	0
320.760000000001	0
320.880000000001	0
321.000000000001	0
321.120000000001	0
321.240000000001	0
321.360000000001	0
321.480000000001	0
321.600000000001	0
321.720000000001	0
321.840000000001	0
321.960000000001	0
322.080000000001	0
322.200000000001	0
322.320000000001	0
322.440000000001	0
322.560000000001	0
322.680000000001	0
322.800000000001	0
322.920000000001	0
323.040000000001	0
323.160000000001	0
323.280000000001	0
323.400000000001	0
323.520000000001	0
323.640000000001	0
323.760000000001	0
323.880000000001	0
324.000000000001	0
324.120000000001	0
324.240000000001	0
324.360000000001	0
324.480000000001	0
324.600000000001	0
324.720000000001	0
324.840000000001	0
324.960000000001	0
325.080000000001	0
325.200000000001	0
325.320000000001	0
325.440000000001	0
325.560000000001	0
325.680000000001	0
325.800000000001	0
325.920000000001	0
326.040000000001	0
326.160000000001	0
326.280000000001	0
326.400000000001	0
326.520000000001	0
326.640000000001	0
326.760000000001	0
326.880000000001	0
327	99999.9991307656
327.12	216666.664783325
327.24	133333.332174354
327.36	83333.3326089713
327.48	16666.6665217943
327.6	0
327.72	0
327.84	0
327.96	0
328.08	0
328.2	0
328.32	0
328.44	0
328.56	0
328.68	0
328.8	0
328.92	0
329.04	0
329.16	0
329.28	0
329.4	0
329.52	0
329.64	0
329.76	0
329.88	0
330	0
330.12	0
330.24	0
330.36	0
330.48	0
330.6	0
330.72	0
330.84	0
330.96	0
331.08	0
331.2	0
331.32	0
331.44	0
331.56	0
331.68	0
331.8	0
331.92	0
332.04	0
332.16	0
332.28	0
332.4	0
332.52	0
332.64	0
332.76	0
332.88	0
333	0
333.12	0
333.24	0
333.36	0
333.48	0
333.6	0
333.72	0
333.84	0
333.96	0
334.08	0
334.2	0
334.32	0
334.44	0
334.56	0
334.68	0
334.8	0
334.92	0
335.04	0
335.16	0
335.28	0
335.4	0
335.52	0
335.64	0
335.76	0
335.88	0
336	0
336.12	0
336.24	0
336.36	0
336.48	0
336.6	0
336.72	0
336.84	0
336.96	0
337.08	0
337.2	0
337.32	0
337.44	0
337.56	0
337.68	0
337.8	0
337.92	0
338.04	0
338.16	0
338.28	0
338.4	0
338.52	0
338.64	0
338.76	0
338.88	0
339	0
339.12	0
339.24	0
339.36	0
339.48	0
339.6	0
339.72	0
339.84	0
339.96	0
340.08	0
340.200000000001	0
340.320000000001	0
340.440000000001	0
340.560000000001	0
340.680000000001	0
340.800000000001	0
340.920000000001	0
341.04	16666.6665217943
341.16	0
341.28	16666.6665217943
341.4	0
341.52	0
341.64	0
341.76	0
341.88	0
342	0
342.12	0
342.24	0
342.36	0
342.48	0
342.6	0
342.72	0
342.84	0
342.96	0
343.08	0
343.2	0
343.32	0
343.44	0
343.56	0
343.68	0
343.8	0
343.92	0
344.04	0
344.16	0
344.28	0
344.4	0
344.52	0
344.64	0
344.76	0
344.88	0
345	0
345.12	0
345.24	0
345.36	0
345.48	0
345.6	0
345.72	0
345.84	0
345.96	0
346.08	0
346.2	0
346.32	0
346.44	0
346.56	0
346.68	0
346.8	0
346.92	0
347.04	0
347.16	0
347.28	0
347.4	0
347.52	0
347.64	0
347.76	0
347.88	0
348	0
348.12	0
348.24	0
348.36	0
348.48	0
348.6	0
348.72	0
348.84	0
348.96	0
349.08	0
349.2	0
349.32	0
349.44	0
349.56	0
349.68	0
349.8	0
349.92	0
350.04	0
350.16	0
350.28	0
350.4	0
350.52	0
350.64	0
350.76	0
350.88	0
351	0
351.12	0
351.24	0
351.36	0
351.48	0
351.6	0
351.72	0
351.84	0
351.96	0
352.08	0
352.2	0
352.32	0
352.44	0
352.56	0
352.68	0
352.8	0
352.92	0
353.04	0
353.16	0
353.28	0
353.4	0
353.52	0
353.64	0
353.76	0
353.88	0
354	0
354.12	0
354.24	0
354.36	0
354.48	0
354.6	0
354.72	16666.6665217943
354.84	83333.3326089713
354.96	933333.325220479
355.08	3049999.97348835
355.2	3666666.63479474
355.32	2449999.97870376
355.44	1016666.65782945
355.56	349999.99695768
355.68	116666.66565256
355.8	16666.6665217943
355.92	33333.3330435885
356.04	0
356.16	16666.6665217943
356.28	16666.6665217943
356.4	0
356.52	33333.3330435885
356.64	0
356.76	16666.6665217943
356.88	0
357	16666.6665217943
357.12	0
357.24	0
357.36	0
357.48	0
357.6	0
357.72	0
357.84	0
357.96	0
358.08	0
358.2	16666.6665217943
358.32	0
358.44	0
358.56	0
358.68	0
358.8	0
358.92	0
359.04	0
359.16	0
359.28	0
359.4	0
359.52	0
359.64	0
359.76	0
359.88	0
360	0
360.12	0
360.24	0
360.36	0
360.48	0
360.6	0
360.72	0
360.84	0
360.96	0
361.08	0
361.2	0
361.32	0
361.44	0
361.56	0
361.68	0
361.8	0
361.92	0
362.04	0
362.16	0
362.28	0
362.4	0
362.52	0
362.64	0
362.76	0
362.88	0
363	0
363.12	0
363.24	0
363.36	0
363.48	0
363.6	0
363.72	0
363.84	0
363.96	0
364.08	0
364.2	0
364.32	0
364.44	0
364.56	0
364.68	0
364.8	0
364.92	0
365.04	0
365.16	0
365.28	0
365.4	0
365.52	0
365.64	0
365.76	0
365.88	0
366	0
366.12	0
366.24	0
366.36	0
366.48	0
366.6	0
366.72	0
366.84	0
366.96	0
367.08	0
367.2	0
367.32	0
367.44	0
367.56	0
367.68	0
367.8	0
367.92	0
368.04	0
368.16	0
368.28	0
368.4	0
368.52	0
368.64	0
368.76	0
368.88	0
369	0
369.12	0
369.24	0
369.36	0
369.48	0
369.6	0
369.72	0
369.84	0
369.96	0
370.08	0
370.2	0
370.32	0
370.44	0
370.56	0
370.68	0
370.8	0
370.92	0
371.04	0
371.16	0
371.28	0
371.4	0
371.52	0
371.64	0
371.760000000001	0
371.880000000001	0
372.000000000001	0
372.120000000001	0
372.240000000001	0
372.360000000001	0
372.480000000001	0
372.600000000001	0
372.720000000001	0
372.840000000001	0
372.960000000001	0
373.080000000001	0
373.200000000001	0
373.320000000001	0
373.440000000001	0
373.560000000001	0
373.680000000001	0
373.800000000001	0
373.920000000001	0
374.040000000001	0
374.160000000001	0
374.280000000001	0
374.400000000001	0
374.520000000001	0
374.640000000001	0
374.760000000001	0
374.880000000001	0
375.000000000001	0
375.120000000001	0
375.240000000001	0
375.360000000001	0
375.480000000001	0
375.600000000001	0
375.720000000001	0
375.840000000001	0
375.960000000001	0
376.080000000001	0
376.200000000001	0
376.320000000001	0
376.440000000001	0
376.560000000001	0
376.680000000001	0
376.800000000001	0
376.920000000001	0
377.040000000001	0
377.160000000001	0
377.280000000001	0
377.400000000001	0
377.520000000001	0
377.640000000001	0
377.760000000001	0
377.880000000001	0
378.000000000001	0
378.120000000001	0
378.240000000001	0
378.360000000001	0
378.480000000001	0
378.600000000001	0
378.720000000001	0
378.840000000001	0
378.960000000001	0
379.080000000001	0
379.200000000001	0
379.320000000001	0
379.440000000001	0
379.560000000001	0
379.680000000001	0
379.800000000001	0
379.920000000001	0
380.040000000001	0
380.160000000001	0
380.280000000001	0
380.400000000001	0
380.520000000001	0
380.640000000001	0
380.760000000001	0
380.880000000001	0
381.000000000001	0
381.120000000001	0
381.240000000001	0
381.360000000001	0
381.480000000001	0
381.600000000001	0
381.720000000001	0
381.840000000001	0
381.960000000001	0
382.080000000001	0
382.200000000001	0
382.320000000001	0
382.440000000001	0
382.560000000001	0
382.680000000001	0
382.800000000001	0
382.920000000001	0
383.040000000001	0
383.160000000001	0
383.280000000001	0
383.400000000001	0
383.520000000001	0
383.640000000001	0
383.760000000001	0
383.880000000001	0
384.000000000001	0
384.120000000001	0
384.240000000001	0
384.360000000001	0
384.480000000001	0
384.600000000001	0
384.720000000001	0
384.840000000001	0
384.960000000001	0
385.080000000001	0
385.200000000001	0
385.320000000001	0
385.440000000001	0
385.560000000001	0
385.680000000001	0
385.800000000001	0
385.920000000001	0
386.040000000001	0
386.160000000001	0
386.280000000001	0
386.400000000001	0
386.520000000001	0
386.640000000001	0
386.76	16666.6665217943
386.88	0
387	0
387.12	83333.3326089713
387.24	166666.665217943
387.36	66666.6660871771
387.48	49999.9995653828
387.6	0
387.72	0
387.84	0
387.96	0
388.08	0
388.2	0
388.32	0
388.44	0
388.56	0
388.68	0
388.8	0
388.92	0
389.04	0
389.16	0
389.28	0
389.4	0
389.52	0
389.64	0
389.76	0
389.88	0
390	0
390.12	0
390.24	0
390.36	0
390.48	0
390.6	0
390.72	0
390.84	0
390.96	0
391.08	0
391.2	0
391.32	0
391.44	0
391.56	0
391.68	0
391.8	0
391.92	0
392.04	0
392.16	0
392.28	0
392.4	0
392.52	0
392.64	0
392.76	0
392.88	0
393	0
393.12	0
393.24	0
393.36	0
393.48	0
393.6	0
393.72	0
393.84	0
393.96	0
394.08	0
394.2	0
394.32	0
394.44	0
394.56	0
394.68	0
394.8	0
394.92	0
395.04	0
395.16	0
395.28	0
395.4	0
395.52	0
395.64	0
395.76	0
395.88	0
396	0
396.12	0
396.24	0
396.36	0
396.48	0
396.6	0
396.72	0
396.84	0
396.96	0
397.08	0
397.2	0
397.32	0
397.44	0
397.56	0
397.68	0
397.8	0
397.92	0
398.04	0
398.16	0
398.28	0
398.4	0
398.52	0
398.64	0
398.76	0
398.88	0
399	0
399.12	0
399.24	0
399.36	0
399.48	0
399.6	0
399.72	0
399.84	0
399.96	0
400.08	0
400.200000000001	0
400.320000000001	0
400.440000000001	0
400.560000000001	0
400.680000000001	0
400.800000000001	0
400.920000000001	0
401.040000000001	0
401.160000000001	0
401.280000000001	0
401.400000000001	0
401.520000000001	0
401.640000000001	0
401.760000000001	0
401.880000000001	0
402.000000000001	0
402.120000000001	0
402.240000000001	0
402.360000000001	0
402.480000000001	0
402.600000000001	0
402.720000000001	0
402.840000000001	0
402.960000000001	0
403.080000000001	0
403.200000000001	0
403.320000000001	0
403.440000000001	0
403.560000000001	0
403.680000000001	0
403.800000000001	0
403.920000000001	0
404.040000000001	0
404.160000000001	0
404.280000000001	0
404.400000000001	0
404.520000000001	0
404.640000000001	0
404.760000000001	0
404.880000000001	0
405.000000000001	0
405.120000000001	0
405.240000000001	0
405.360000000001	0
405.480000000001	0
405.600000000001	0
405.720000000001	0
405.840000000001	0
405.960000000001	0
406.080000000001	0
406.200000000001	0
406.320000000001	0
406.440000000001	0
406.560000000001	0
406.680000000001	0
406.800000000001	0
406.920000000001	0
407.040000000001	0
407.160000000001	0
407.280000000001	0
407.400000000001	0
407.520000000001	0
407.640000000001	0
407.760000000001	0
407.880000000001	0
408.000000000001	0
408.120000000001	0
408.240000000001	0
408.360000000001	0
408.480000000001	0
408.600000000001	0
408.720000000001	0
408.840000000001	0
408.960000000001	0
409.080000000001	0
409.200000000001	0
409.320000000001	0
409.440000000001	0
409.560000000001	0
409.680000000001	0
409.800000000001	0
409.920000000001	0
410.040000000001	0
410.160000000001	0
410.280000000001	0
410.400000000001	0
410.520000000001	0
410.640000000001	0
410.760000000001	0
410.880000000001	0
411.000000000001	0
411.120000000001	0
411.240000000001	0
411.360000000001	0
411.480000000001	0
411.600000000001	0
411.720000000001	0
411.840000000001	0
411.960000000001	0
412.080000000001	0
412.200000000001	0
412.320000000001	0
412.440000000001	0
412.560000000001	0
412.680000000001	0
412.800000000001	0
412.920000000001	0
413.040000000001	0
413.160000000001	0
413.280000000001	0
413.400000000001	0
413.520000000001	0
413.640000000001	0
413.760000000001	0
413.880000000001	0
414.000000000001	0
414.120000000001	0
414.240000000001	0
414.360000000001	0
414.480000000001	0
414.600000000001	0
414.720000000001	0
414.840000000001	0
414.960000000001	0
415.080000000001	0
415.200000000001	0
415.320000000001	0
415.440000000001	0
415.560000000001	0
415.680000000001	0
415.800000000001	0
415.920000000001	0
416.040000000001	0
416.160000000001	0
416.280000000001	0
416.400000000001	0
416.520000000001	0
416.640000000001	0
416.760000000001	0
416.880000000001	0
417.000000000001	0
417.120000000001	0
417.240000000001	0
417.360000000001	0
417.480000000001	0
417.600000000001	0
417.720000000001	0
417.840000000001	0
417.960000000001	0
418.080000000001	0
418.200000000001	0
418.320000000001	0
418.440000000001	0
418.560000000001	0
418.680000000001	0
418.800000000001	0
418.920000000001	0
419.040000000001	0
419.160000000001	0
419.280000000001	0
419.400000000001	0
419.520000000001	0
419.640000000001	0
419.760000000001	0
419.880000000001	0
420.000000000001	0
420.120000000001	0
420.240000000001	0
420.360000000001	0
420.480000000001	0
420.600000000001	0
420.720000000001	0
420.840000000001	0
420.960000000001	0
421.080000000001	0
421.200000000001	0
421.320000000001	0
421.440000000001	0
421.560000000001	0
421.680000000001	0
421.800000000001	0
421.920000000001	0
422.040000000001	0
422.160000000001	0
422.280000000001	0
422.400000000001	0
422.520000000001	0
422.640000000001	0
422.760000000001	0
422.880000000001	0
423.000000000001	0
423.120000000001	0
423.240000000001	0
423.360000000001	0
423.480000000001	0
423.600000000001	0
423.720000000001	0
423.840000000001	0
423.960000000001	0
424.080000000001	0
424.200000000001	0
424.320000000001	0
424.440000000001	0
424.560000000001	0
424.680000000001	0
424.800000000001	0
424.920000000001	0
425.040000000001	0
425.160000000001	0
425.280000000001	0
425.400000000001	0
425.520000000001	0
425.640000000001	0
425.760000000001	0
425.880000000001	0
426.000000000001	0
426.120000000001	0
426.240000000001	0
426.360000000001	0
426.480000000001	0
426.600000000002	0
426.720000000002	0
426.840000000002	0
426.960000000002	0
427.080000000002	0
427.200000000002	0
427.320000000002	0
427.440000000002	0
427.560000000002	0
427.680000000002	0
427.800000000002	0
427.920000000002	0
428.040000000002	0
428.160000000002	0
428.280000000002	0
428.400000000002	0
428.520000000002	0
428.640000000002	0
428.760000000002	0
428.880000000002	0
429.000000000002	0
429.120000000002	0
429.240000000002	0
429.360000000002	0
429.480000000002	0
429.600000000002	0
429.720000000002	0
429.840000000002	0
429.960000000002	0
430.080000000002	0
430.200000000002	0
430.320000000002	0
430.440000000002	0
430.560000000002	0
430.680000000002	0
430.800000000002	0
430.920000000002	0
431.040000000002	0
431.160000000002	0
431.280000000002	0
431.400000000002	0
431.520000000002	0
431.640000000002	0
431.760000000002	0
431.880000000002	0
432.000000000002	0
432.120000000002	0
432.240000000002	0
432.360000000002	0
432.480000000002	0
432.600000000002	0
432.720000000002	0
432.840000000002	0
432.960000000002	0
433.080000000002	0
433.200000000002	0
433.320000000002	0
433.440000000002	0
433.560000000002	0
433.680000000002	0
433.800000000002	0
433.920000000002	0
434.040000000002	0
434.160000000002	0
434.280000000002	0
434.400000000002	0
434.520000000002	0
434.640000000002	0
434.760000000002	0
434.880000000002	0
435.000000000002	0
435.120000000002	0
435.240000000002	0
435.360000000002	0
435.480000000002	0
435.600000000002	0
435.720000000002	0
435.840000000002	0
435.960000000002	0
436.080000000002	0
436.200000000002	0
436.320000000002	0
436.440000000002	0
436.560000000002	0
436.680000000002	0
436.800000000002	0
436.920000000002	0
437.040000000002	0
437.160000000002	0
437.280000000002	0
437.400000000002	0
437.520000000002	0
437.640000000002	0
437.760000000002	0
437.880000000002	0
438.000000000002	0
438.120000000002	0
438.240000000002	0
438.360000000002	0
438.480000000002	0
438.600000000002	0
438.720000000002	0
438.840000000002	0
438.960000000002	0
439.080000000002	0
439.200000000002	0
439.320000000002	0
439.440000000002	0
439.560000000002	0
439.680000000002	0
439.800000000002	0
439.920000000002	0
440.040000000002	0
440.160000000002	0
440.280000000002	0
440.400000000002	0
440.520000000002	0
440.640000000002	0
440.760000000002	0
440.880000000002	0
441.000000000002	0
441.120000000002	0
441.240000000002	0
441.360000000002	0
441.480000000002	0
441.600000000002	0
441.720000000002	0
441.840000000002	0
441.960000000002	0
442.080000000002	0
442.200000000002	0
442.320000000002	0
442.440000000002	0
442.560000000002	0
442.680000000002	0
442.800000000002	0
442.920000000002	0
443.040000000002	0
443.160000000002	0
443.280000000002	0
443.400000000002	0
443.520000000002	0
443.640000000002	0
443.760000000002	0
443.880000000002	0
444.000000000002	0
444.120000000002	0
444.240000000002	0
444.360000000002	0
444.480000000002	0
444.600000000002	0
444.720000000002	0
444.840000000002	0
444.960000000002	0
445.080000000002	0
445.200000000002	0
445.320000000002	0
445.440000000002	0
445.560000000002	0
445.680000000002	0
445.800000000002	0
445.920000000002	0
446.040000000002	0
446.160000000002	0
446.280000000002	0
446.400000000002	0
446.520000000002	0
446.640000000002	0
446.760000000002	0
446.880000000002	0
447.000000000002	0
447.120000000002	0
447.240000000002	0
447.360000000002	0
447.480000000002	0
447.600000000002	0
447.720000000002	0
447.840000000002	0
447.960000000002	0
448.080000000002	0
448.200000000002	0
448.320000000002	0
448.440000000002	0
448.560000000002	0
448.680000000002	0
448.800000000002	0
448.920000000002	0
449.040000000002	0
449.160000000002	0
449.280000000002	0
449.400000000002	0
449.520000000002	0
449.640000000002	0
449.760000000002	0
449.880000000002	0
