Mass/Charge	Intensity
50	0
50.12	0
50.24	0
50.36	0
50.48	0
50.6	0
50.72	0
50.84	0
50.96	0
51.08	0
51.2	0
51.32	0
51.44	0
51.56	0
51.68	0
51.8	0
51.92	0
52.04	0
52.16	0
52.28	0
52.3999999999999	0
52.5199999999999	0
52.6399999999999	0
52.7599999999999	0
52.8799999999999	0
53.04	16666.6665217943
53.16	0
53.28	0
53.4	0
53.52	0
53.64	0
53.76	0
53.88	0
54	0
54.12	0
54.24	0
54.36	0
54.48	0
54.6	0
54.72	0
54.84	0
54.96	0
55.08	0
55.2	0
55.32	0
55.4399999999999	0
55.5599999999999	0
55.6799999999999	0
55.7999999999999	0
55.9199999999999	0
56.0399999999999	0
56.1599999999999	0
56.2799999999999	0
56.3999999999999	0
56.5199999999999	0
56.6399999999999	0
56.7599999999999	0
56.8799999999999	0
56.9999999999999	0
57.1199999999999	0
57.2399999999999	0
57.3599999999999	0
57.4799999999999	0
57.5999999999999	0
57.7199999999999	0
57.8399999999999	0
57.9599999999999	0
58.0799999999999	0
58.1999999999999	0
58.3199999999999	0
58.4399999999999	0
58.5599999999999	0
58.6799999999999	0
58.7999999999999	0
58.9199999999999	0
59.0399999999999	0
59.1599999999999	0
59.2799999999999	0
59.3999999999999	0
59.5199999999999	0
59.6399999999999	0
59.7599999999999	0
59.8799999999999	0
59.9999999999999	0
60.1199999999998	0
60.2399999999998	0
60.3599999999998	0
60.4799999999998	0
60.5999999999998	0
60.7199999999998	0
60.8399999999998	0
60.9599999999998	0
61.0799999999998	0
61.1999999999998	0
61.3199999999998	0
61.4399999999998	0
61.5599999999998	0
61.6799999999998	0
61.7999999999998	0
61.9199999999998	0
62.0399999999998	0
62.1599999999998	0
62.2799999999998	0
62.3999999999998	0
62.5199999999998	0
62.6399999999998	0
62.7599999999998	0
62.8799999999998	0
62.9999999999998	0
63.1199999999998	0
63.2399999999998	0
63.3599999999998	0
63.4799999999998	0
63.5999999999998	0
63.7199999999998	0
63.8399999999998	0
63.9599999999998	0
64.0799999999998	0
64.1999999999998	0
64.3199999999998	0
64.4399999999998	0
64.5599999999998	0
64.6799999999998	0
64.7999999999998	0
64.9199999999998	0
65.04	16666.6665217943
65.16	0
65.28	0
65.4	0
65.52	0
65.64	0
65.76	0
65.88	0
66	0
66.12	0
66.2400000000001	0
66.36	16666.6665217943
66.48	0
66.6	0
66.72	0
66.84	0
66.96	0
67.08	16666.6665217943
67.2	0
67.32	0
67.44	0
67.56	0
67.68	0
67.8	0
67.92	0
68.04	0
68.16	0
68.28	0
68.4	0
68.5200000000001	0
68.6400000000001	0
68.7600000000001	0
68.8800000000001	0
69	33333.3330435885
69.12	16666.6665217943
69.24	0
69.36	0
69.48	0
69.6	0
69.72	0
69.84	0
69.96	16666.6665217943
70.08	0
70.2	0
70.32	0
70.44	0
70.56	0
70.68	0
70.8	0
70.92	16666.6665217943
71.04	0
71.16	0
71.28	0
71.4	0
71.52	0
71.64	0
71.76	0
71.88	0
72	0
72.12	0
72.2400000000001	0
72.3600000000001	0
72.4800000000001	0
72.6000000000001	0
72.7200000000001	0
72.8400000000001	0
72.9600000000001	0
73.0800000000001	0
73.2000000000001	0
73.3200000000001	0
73.4400000000001	0
73.5600000000001	0
73.6800000000001	0
73.8000000000001	0
73.9200000000001	0
74.0400000000001	0
74.1600000000001	0
74.2800000000001	0
74.4000000000001	0
74.5200000000001	0
74.6400000000001	0
74.7600000000001	0
74.8800000000002	0
75.0000000000002	0
75.1200000000002	0
75.2400000000002	0
75.3600000000002	0
75.4800000000002	0
75.6000000000002	0
75.7200000000002	0
75.8400000000002	0
75.9600000000002	0
76.0800000000002	0
76.2000000000002	0
76.3200000000002	0
76.4400000000002	0
76.5600000000002	0
76.6800000000002	0
76.8000000000002	0
76.9200000000002	0
77.0400000000002	0
77.1600000000002	0
77.2800000000002	0
77.4000000000002	0
77.5200000000003	0
77.6400000000003	0
77.7600000000003	0
77.8800000000003	0
78.0000000000003	0
78.1200000000003	0
78.2400000000003	0
78.3600000000003	0
78.4800000000003	0
78.6000000000003	0
78.7200000000003	0
78.8400000000003	0
78.9600000000003	0
79.0800000000003	0
79.2000000000003	0
79.3200000000003	0
79.4400000000003	0
79.5600000000003	0
79.6800000000003	0
79.8000000000003	0
79.9200000000003	0
80.0400000000003	0
80.1600000000004	0
80.2800000000004	0
80.4000000000004	0
80.5200000000004	0
80.6400000000004	0
80.7600000000004	0
80.88	49999.9995653828
81	33333.3330435885
81.12	0
81.24	0
81.36	0
81.48	0
81.6	0
81.72	0
81.84	0
81.96	0
82.08	0
82.2	0
82.3200000000001	0
82.4400000000001	0
82.5600000000001	0
82.6800000000001	0
82.8000000000001	0
82.9200000000001	0
83.0400000000001	0
83.1600000000001	0
83.2800000000001	0
83.4000000000001	0
83.5200000000001	0
83.6400000000001	0
83.7600000000001	0
83.8800000000001	0
84.0000000000001	0
84.1200000000001	0
84.2400000000001	0
84.3600000000001	0
84.4800000000001	0
84.6000000000001	0
84.7200000000001	0
84.8400000000001	0
84.9600000000002	0
85.0800000000002	0
85.2000000000002	0
85.3200000000002	0
85.4400000000002	0
85.5600000000002	0
85.6800000000002	0
85.8000000000002	0
85.9200000000002	0
86.0400000000002	0
86.1600000000002	0
86.2800000000002	0
86.4000000000002	0
86.5200000000002	0
86.6400000000002	0
86.7600000000002	0
86.8800000000002	0
87.0000000000002	0
87.1200000000002	0
87.2400000000002	0
87.3600000000002	0
87.4800000000002	0
87.6000000000003	0
87.7200000000003	0
87.8400000000003	0
87.9600000000003	0
88.0800000000003	0
88.2000000000003	0
88.3200000000003	0
88.4400000000003	0
88.5600000000003	0
88.6800000000003	0
88.8000000000003	0
88.9200000000003	0
89.0400000000003	0
89.1600000000003	0
89.2800000000003	0
89.4000000000003	0
89.5200000000003	0
89.6400000000003	0
89.7600000000003	0
89.8800000000003	0
90.0000000000003	0
90.1200000000003	0
90.2400000000004	0
90.3600000000004	0
90.4800000000004	0
90.6000000000004	0
90.7200000000004	0
90.8400000000004	0
90.9600000000004	0
91.0800000000004	0
91.2000000000004	0
91.3200000000004	0
91.4400000000004	0
91.5600000000004	0
91.6800000000004	0
91.8000000000004	0
91.9200000000004	0
92.0400000000004	0
92.1600000000004	0
92.2800000000004	0
92.4000000000004	0
92.5200000000004	0
92.6400000000004	0
92.7600000000004	0
92.8800000000005	0
93.0000000000005	0
93.1200000000005	0
93.2400000000005	0
93.3600000000005	0
93.4800000000005	0
93.6000000000005	0
93.7200000000005	0
93.8400000000005	0
93.96	83333.3326089713
94.08	66666.6660871771
94.2	0
94.32	0
94.44	0
94.56	16666.6665217943
94.68	0
94.8	0
94.92	0
95.04	0
95.16	0
95.28	0
95.4	0
95.52	0
95.64	0
95.76	0
95.88	16666.6665217943
96	33333.3330435885
96.12	49999.9995653828
96.24	16666.6665217943
96.36	0
96.48	0
96.6	0
96.72	0
96.84	0
96.96	16666.6665217943
97.08	33333.3330435885
97.2	16666.6665217943
97.32	0
97.44	0
97.56	0
97.68	0
97.8	0
97.92	0
98.04	0
98.16	0
98.28	0
98.4	0
98.5200000000001	0
98.6400000000001	0
98.7600000000001	0
98.88	33333.3330435885
99	166666.665217943
99.12	133333.332174354
99.24	0
99.36	33333.3330435885
99.48	0
99.6	0
99.72	0
99.84	0
99.96	0
100.08	16666.6665217943
100.2	0
100.32	0
100.44	0
100.56	0
100.68	0
100.8	0
100.92	0
101.04	0
101.16	0
101.28	0
101.4	0
101.52	0
101.64	0
101.76	0
101.88	0
102	0
102.12	0
102.24	0
102.36	0
102.48	0
102.6	0
102.72	0
102.84	0
102.96	0
103.08	16666.6665217943
103.2	0
103.32	0
103.44	0
103.56	0
103.68	0
103.8	0
103.92	0
104.04	0
104.16	0
104.28	0
104.4	0
104.52	0
104.64	0
104.76	0
104.88	0
105	16666.6665217943
105.12	16666.6665217943
105.24	0
105.36	0
105.48	16666.6665217943
105.6	0
105.72	0
105.84	0
105.96	0
106.08	0
106.2	0
106.32	0
106.44	0
106.56	0
106.68	0
106.8	0
106.92	0
107.04	0
107.16	0
107.28	0
107.4	0
107.52	0
107.64	0
107.76	0
107.88	16666.6665217943
108	133333.332174354
108.12	116666.66565256
108.24	83333.3326089713
108.36	0
108.48	0
108.6	0
108.72	0
108.84	0
108.96	0
109.08	83333.3326089713
109.2	0
109.32	16666.6665217943
109.44	0
109.56	0
109.68	0
109.8	0
109.92	16666.6665217943
110.04	0
110.16	33333.3330435885
110.28	0
110.4	33333.3330435885
110.52	0
110.64	16666.6665217943
110.76	16666.6665217943
110.88	416666.663044857
111	1283333.32217816
111.12	1166666.6565256
111.24	316666.663914091
111.36	116666.66565256
111.48	33333.3330435885
111.6	16666.6665217943
111.72	16666.6665217943
111.84	16666.6665217943
111.96	0
112.08	0
112.2	0
112.32	16666.6665217943
112.44	0
112.56	0
112.68	0
112.8	0
112.92	0
113.04	16666.6665217943
113.16	0
113.28	33333.3330435885
113.4	0
113.52	0
113.64	0
113.76	0
113.88	0
114	0
114.12	0
114.24	0
114.36	0
114.48	0
114.6	0
114.72	0
114.84	0
114.96	0
115.08	0
115.2	0
115.32	0
115.44	0
115.56	0
115.68	0
115.8	0
115.92	0
116.04	0
116.16	0
116.28	0
116.4	0
116.52	0
116.64	0
116.76	0
116.88	0
117	0
117.12	0
117.24	0
117.36	0
117.48	0
117.6	0
117.72	0
117.84	0
117.96	0
118.08	0
118.2	16666.6665217943
118.32	0
118.44	0
118.56	0
118.68	0
118.8	0
118.92	0
119.04	0
119.16	0
119.28	0
119.4	0
119.52	0
119.64	0
119.76	0
119.88	0
120	0
120.12	0
120.24	0
120.36	0
120.48	0
120.6	0
120.72	0
120.84	0
120.96	0
121.08	0
121.2	0
121.32	0
121.44	0
121.56	0
121.68	0
121.8	0
121.92	0
122.04	0
122.16	0
122.28	0
122.4	0
122.52	0
122.64	0
122.76	0
122.88	0
123	16666.6665217943
123.12	0
123.24	0
123.36	0
123.48	0
123.6	0
123.72	0
123.84	0
123.96	0
124.08	0
124.2	0
124.32	0
124.44	0
124.56	0
124.68	0
124.8	0
124.92	0
125.04	16666.6665217943
125.16	0
125.28	0
125.4	0
125.52	0
125.64	0
125.76	0
125.88	0
126	0
126.12	0
126.24	0
126.36	0
126.48	0
126.6	0
126.72	0
126.84	0
126.96	0
127.08	0
127.2	0
127.32	0
127.44	0
127.56	0
127.68	0
127.8	0
127.92	0
128.04	66666.6660871771
128.16	49999.9995653828
128.28	33333.3330435885
128.4	16666.6665217943
128.52	0
128.64	0
128.76	0
128.88	0
129	0
129.12	0
129.24	0
129.36	0
129.48	0
129.6	0
129.72	0
129.84	0
129.96	0
130.08	0
130.2	0
130.32	0
130.44	0
130.56	0
130.68	0
130.8	0
130.92	0
131.04	0
131.16	0
131.28	0
131.4	0
131.52	0
131.64	0
131.76	0
131.88	0
132	0
132.12	16666.6665217943
132.24	33333.3330435885
132.36	33333.3330435885
132.48	0
132.6	0
132.72	0
132.84	0
132.96	0
133.08	0
133.2	0
133.32	0
133.44	0
133.56	0
133.68	0
133.8	0
133.92	0
134.04	0
134.16	0
134.28	0
134.4	0
134.52	0
134.64	0
134.76	16666.6665217943
134.88	0
135	0
135.12	33333.3330435885
135.24	0
135.36	0
135.48	0
135.6	0
135.72	0
135.84	0
135.96	0
136.08	0
136.2	0
136.32	0
136.44	0
136.56	0
136.68	0
136.8	0
136.92	0
137.04	0
137.16	0
137.28	0
137.4	0
137.52	0
137.64	0
137.76	0
137.88	0
138	0
138.12	0
138.24	0
138.36	16666.6665217943
138.48	0
138.6	0
138.72	0
138.84	0
138.96	0
139.08	16666.6665217943
139.2	0
139.32	0
139.44	0
139.56	0
139.68	0
139.8	33333.3330435885
139.92	49999.9995653828
140.04	816666.659567919
140.16	1716666.65174481
140.28	733333.326958948
140.4	133333.332174354
140.52	99999.9991307656
140.64	83333.3326089713
140.76	0
140.88	33333.3330435885
141	33333.3330435885
141.12	0
141.24	33333.3330435885
141.36	0
141.48	0
141.6	0
141.72	0
141.84	0
141.96	0
142.08	0
142.2	0
142.32	0
142.44	0
142.56	0
142.68	0
142.8	0
142.92	0
143.04	0
143.16	0
143.28	0
143.4	0
143.52	0
143.64	0
143.76	16666.6665217943
143.88	0
144	0
144.12	0
144.24	0
144.36	0
144.48	0
144.6	0
144.72	0
144.84	0
144.96	0
145.08	0
145.2	0
145.32	0
145.44	0
145.56	0
145.68	0
145.8	0
145.92	0
146.04	16666.6665217943
146.16	33333.3330435885
146.28	0
146.4	0
146.52	0
146.64	0
146.76	0
146.88	0
147	0
147.12	0
147.24	0
147.36	0
147.48	0
147.6	0
147.72	0
147.84	0
147.96	0
148.08	0
148.2	0
148.32	0
148.44	0
148.56	0
148.68	0
148.8	0
148.92	0
149.04	0
149.16	16666.6665217943
149.28	0
149.4	0
149.52	0
149.64	0
149.76	0
149.88	33333.3330435885
150	116666.66565256
150.12	99999.9991307656
150.24	99999.9991307656
150.36	16666.6665217943
150.48	0
150.6	16666.6665217943
150.72	0
150.84	0
150.96	0
151.08	0
151.2	0
151.32	0
151.44	0
151.56	0
151.68	0
151.8	0
151.92	0
152.04	83333.3326089713
152.16	166666.665217943
152.28	99999.9991307656
152.4	0
152.52	0
152.64	0
152.76	0
152.88	0
153	0
153.12	0
153.24	0
153.36	0
153.48	0
153.6	0
153.72	0
153.84	0
153.96	0
154.08	0
154.2	0
154.32	0
154.44	0
154.56	0
154.68	0
154.8	0
154.92	0
155.04	0
155.16	0
155.28	0
155.4	0
155.52	0
155.64	0
155.76	0
155.88	0
156	0
156.12	0
156.24	0
156.36	0
156.48	0
156.6	0
156.72	0
156.84	0
156.96	0
157.08	0
157.2	0
157.32	0
157.44	0
157.56	0
157.68	0
157.8	0
157.92	0
158.04	0
158.16	0
158.28	0
158.4	0
158.52	0
158.64	0
158.76	0
158.88	0
159	0
159.12	0
159.24	0
159.36	0
159.48	16666.6665217943
159.6	0
159.72	0
159.84	0
159.96	0
160.08	0
160.2	33333.3330435885
160.32	0
160.44	0
160.56	0
160.68	0
160.8	0
160.92	0
161.04	0
161.16	0
161.28	0
161.4	0
161.52	0
161.64	0
161.76	0
161.88	0
162	0
162.12	0
162.24	0
162.36	0
162.48	0
162.6	0
162.72	0
162.84	0
162.96	0
163.08	0
163.2	49999.9995653828
163.32	0
163.44	0
163.56	0
163.68	0
163.8	0
163.92	0
164.04	0
164.16	0
164.28	0
164.4	0
164.52	0
164.64	0
164.76	0
164.88	0
165	0
165.12	0
165.24	0
165.36	0
165.48	0
165.6	0
165.72	0
165.84	0
165.96	0
166.08	0
166.2	16666.6665217943
166.32	16666.6665217943
166.44	0
166.56	0
166.68	0
166.8	0
166.92	0
167.04	0
167.16	0
167.28	0
167.4	0
167.52	0
167.64	0
167.76	0
167.88	0
168	0
168.12	0
168.24	0
168.36	0
168.48	0
168.6	0
168.72	0
168.84	0
168.96	0
169.08	0
169.2	0
169.32	0
169.44	0
169.56	0
169.68	0
169.8	0
169.92	0
170.04	0
170.16	0
170.28	0
170.4	0
170.52	0
170.64	0
170.76	0
170.88	0
171	0
171.12	0
171.24	0
171.36	0
171.48	0
171.6	0
171.72	0
171.84	0
171.96	0
172.08	0
172.2	0
172.32	0
172.44	0
172.56	0
172.68	0
172.8	0
172.92	0
173.04	0
173.16	0
173.28	0
173.4	0
173.52	0
173.64	0
173.76	0
173.88	16666.6665217943
174	0
174.12	0
174.24	0
174.36	0
174.48	0
174.6	0
174.72	0
174.84	0
174.96	0
175.08	0
175.2	0
175.32	0
175.44	0
175.56	0
175.68	0
175.8	0
175.92	0
176.04	0
176.16	33333.3330435885
176.28	0
176.4	0
176.52	0
176.64	0
176.76	0
176.88	0
177	0
177.12	16666.6665217943
177.24	0
177.36	0
177.48	0
177.6	0
177.72	0
177.84	0
177.96	0
178.08	0
178.2	0
178.32	0
178.44	0
178.56	0
178.68	0
178.8	0
178.92	0
179.04	0
179.16	0
179.28	0
179.4	0
179.52	0
179.64	0
179.76	0
179.88	0
180	0
180.12	0
180.24	16666.6665217943
180.36	0
180.48	0
180.6	0
180.72	0
180.84	0
180.96	0
181.08	0
181.2	0
181.32	0
181.44	0
181.56	0
181.68	0
181.8	0
181.92	0
182.04	0
182.16	0
182.28	0
182.4	0
182.52	0
182.64	0
182.76	0
182.88	0
183	0
183.12	0
183.24	0
183.36	0
183.48	0
183.6	0
183.72	0
183.84	0
183.96	0
184.08	0
184.2	0
184.32	0
184.44	0
184.56	0
184.68	0
184.8	0
184.92	0
185.04	0
185.16	0
185.28	0
185.4	0
185.52	0
185.64	0
185.76	0
185.88	0
186	0
186.12	0
186.24	0
186.36	0
186.48	0
186.6	0
186.72	0
186.84	0
186.96	0
187.08	0
187.2	0
187.32	0
187.44	0
187.56	0
187.68	0
187.8	0
187.92	0
188.04	0
188.16	0
188.28	0
188.4	0
188.52	0
188.64	0
188.76	0
188.88	0
189	0
189.12	0
189.24	0
189.36	0
189.48	0
189.6	0
189.72	0
189.84	0
189.96	0
190.08	0
190.2	0
190.32	0
190.44	0
190.56	0
190.68	0
190.8	0
190.92	0
191.04	0
191.16	0
191.28	0
191.4	0
191.52	0
191.64	0
191.76	0
191.88	0
192	0
192.12	49999.9995653828
192.24	0
192.36	0
192.48	0
192.6	0
192.72	0
192.84	0
192.96	0
193.08	0
193.2	0
193.32	0
193.44	0
193.56	0
193.68	0
193.8	0
193.92	0
194.04	0
194.16	0
194.28	0
194.4	0
194.52	0
194.64	0
194.76	0
194.88	0
195	0
195.12	0
195.24	0
195.36	0
195.48	0
195.6	0
195.72	0
195.84	0
195.96	0
196.08	0
196.2	0
196.32	0
196.44	0
196.56	0
196.68	0
196.8	0
196.92	0
197.04	0
197.16	0
197.28	0
197.4	0
197.52	0
197.64	0
197.76	0
197.88	0
198	0
198.12	0
198.24	0
198.36	0
198.48	0
198.6	0
198.72	0
198.84	0
198.96	0
199.08	0
199.2	0
199.32	0
199.44	0
199.56	0
199.68	0
199.8	0
199.92	0
200.04	0
200.16	0
200.28	0
200.4	0
200.52	0
200.64	0
200.76	0
200.88	0
201	0
201.12	0
201.24	0
201.36	0
201.48	0
201.6	0
201.72	0
201.84	0
201.96	0
202.08	0
202.2	0
202.32	0
202.44	0
202.56	0
202.68	0
202.8	0
202.92	0
203.04	0
203.16	0
203.28	0
203.4	0
203.52	0
203.64	0
203.76	0
203.88	0
204	0
204.12	0
204.24	0
204.36	0
204.48	0
204.6	0
204.72	0
204.84	0
204.96	0
205.08	0
205.200000000001	0
205.320000000001	0
205.440000000001	0
205.560000000001	0
205.680000000001	0
205.800000000001	0
205.92	33333.3330435885
206.04	233333.33130512
206.16	483333.329132034
206.28	399999.996523062
206.4	116666.66565256
206.52	33333.3330435885
206.64	16666.6665217943
206.76	0
206.88	16666.6665217943
207	16666.6665217943
207.12	0
207.24	0
207.36	0
207.48	0
207.6	0
207.72	0
207.84	0
207.96	0
208.08	0
208.2	0
208.32	0
208.44	0
208.56	0
208.68	0
208.8	0
208.92	0
209.04	0
209.16	0
209.28	0
209.4	0
209.52	0
209.64	0
209.76	0
209.88	0
210	0
210.12	0
210.24	0
210.36	0
210.48	0
210.6	0
210.72	0
210.84	0
210.96	0
211.08	0
211.2	0
211.32	0
211.44	0
211.56	0
211.68	0
211.8	0
211.92	0
212.04	0
212.16	0
212.28	0
212.4	0
212.52	0
212.64	0
212.76	0
212.88	0
213	0
213.12	0
213.24	0
213.36	0
213.48	0
213.6	0
213.72	0
213.84	0
213.96	0
214.08	0
214.2	0
214.32	0
214.44	0
214.56	0
214.68	0
214.8	0
214.92	0
215.04	0
215.16	0
215.28	0
215.4	0
215.52	0
215.64	0
215.76	0
215.88	0
216	0
216.12	0
216.24	0
216.36	0
216.48	0
216.6	0
216.72	0
216.84	0
216.96	0
217.08	0
217.2	0
217.32	0
217.44	0
217.56	0
217.68	0
217.8	0
217.92	0
218.04	0
218.16	0
218.28	0
218.4	0
218.52	0
218.64	0
218.76	0
218.88	0
219	0
219.12	0
219.24	0
219.36	0
219.48	0
219.6	0
219.72	0
219.84	0
219.96	0
220.08	0
220.200000000001	0
220.320000000001	0
220.440000000001	0
220.560000000001	0
220.680000000001	0
220.800000000001	0
220.920000000001	0
221.040000000001	0
221.160000000001	0
221.280000000001	0
221.400000000001	0
221.520000000001	0
221.640000000001	0
221.760000000001	0
221.880000000001	0
222.000000000001	0
222.120000000001	0
222.240000000001	0
222.360000000001	0
222.480000000001	0
222.600000000001	0
222.720000000001	0
222.840000000001	0
222.960000000001	0
223.080000000001	0
223.200000000001	0
223.320000000001	0
223.440000000001	0
223.560000000001	0
223.680000000001	0
223.800000000001	0
223.920000000001	0
224.040000000001	0
224.160000000001	0
224.280000000001	0
224.400000000001	0
224.520000000001	0
224.640000000001	0
224.760000000001	0
224.880000000001	0
225.000000000001	0
225.120000000001	0
225.240000000001	0
225.360000000001	0
225.480000000001	0
225.600000000001	0
225.720000000001	0
225.840000000001	0
225.960000000001	0
226.080000000001	0
226.200000000001	0
226.320000000001	0
226.440000000001	0
226.560000000001	0
226.680000000001	0
226.800000000001	0
226.920000000001	0
227.040000000001	0
227.160000000001	0
227.280000000001	0
227.400000000001	0
227.520000000001	0
227.640000000001	0
227.760000000001	0
227.880000000001	0
228.000000000001	0
228.120000000001	0
228.240000000001	0
228.360000000001	0
228.480000000001	0
228.600000000001	0
228.720000000001	0
228.840000000001	0
228.960000000001	0
229.080000000001	0
229.200000000001	0
229.320000000001	0
229.440000000001	0
229.560000000001	0
229.680000000001	0
229.800000000001	0
229.920000000001	0
230.040000000001	0
230.160000000001	0
230.280000000001	0
230.400000000001	0
230.520000000001	0
230.640000000001	0
230.760000000001	0
230.880000000001	0
231.000000000001	0
231.120000000001	0
231.240000000001	0
231.360000000001	0
231.480000000001	0
231.600000000001	0
231.720000000001	0
231.840000000001	0
231.960000000001	0
232.080000000001	0
232.200000000001	0
232.320000000001	0
232.440000000001	0
232.560000000001	0
232.680000000001	0
232.800000000001	0
232.920000000001	0
233.040000000001	0
233.160000000001	0
233.280000000001	0
233.400000000001	0
233.520000000001	0
233.640000000001	0
233.760000000001	0
233.880000000001	0
234.000000000001	0
234.120000000001	0
234.240000000001	0
234.360000000001	0
234.480000000001	0
234.600000000001	0
234.720000000001	0
234.840000000001	0
234.960000000001	0
235.080000000001	0
235.200000000001	0
235.320000000001	0
235.440000000001	0
235.560000000001	0
235.680000000001	0
235.800000000001	0
235.920000000001	0
236.040000000001	0
236.160000000001	0
236.280000000001	0
236.400000000001	0
236.520000000001	0
236.640000000001	0
236.760000000001	0
236.880000000001	0
237.000000000001	0
237.120000000001	0
237.240000000001	0
237.360000000001	0
237.480000000001	0
237.600000000001	0
237.720000000001	0
237.84	149999.998696148
237.96	616666.661306388
238.08	3699999.96783833
238.2	5549999.95175749
238.32	2566666.64435632
238.44	916666.658698685
238.56	333333.330435885
238.68	66666.6660871771
238.8	83333.3326089713
238.92	16666.6665217943
239.04	66666.6660871771
239.16	0
239.28	33333.3330435885
239.4	16666.6665217943
239.52	0
239.64	0
239.76	0
239.88	0
240	16666.6665217943
240.12	0
240.24	16666.6665217943
240.36	0
240.48	0
240.6	0
240.72	0
240.84	0
240.96	0
241.08	0
241.2	0
241.32	0
241.44	0
241.56	0
241.68	0
241.8	0
241.92	0
242.04	0
242.16	0
242.28	0
242.4	0
242.52	0
242.64	0
242.76	0
242.88	0
243	0
243.12	0
243.24	0
243.36	0
243.48	0
243.6	0
243.72	0
243.84	0
243.96	0
244.08	0
244.2	0
244.32	0
244.44	0
244.56	0
244.68	0
244.8	0
244.92	0
245.04	0
245.16	0
245.28	0
245.4	0
245.52	0
245.64	0
245.76	0
245.88	0
246	0
246.12	0
246.24	0
246.36	0
246.48	0
246.6	0
246.72	0
246.84	0
246.96	0
247.08	0
247.2	0
247.32	0
247.44	0
247.56	0
247.68	0
247.8	0
247.92	0
248.04	0
248.16	0
248.28	0
248.4	0
248.52	0
248.64	0
248.76	0
248.88	0
249	0
249.12	0
249.24	0
249.36	0
249.48	0
249.6	0
249.72	0
249.84	0
249.96	0
250.08	0
250.2	0
250.32	0
250.44	0
250.56	0
250.68	0
250.8	0
250.92	0
251.04	0
251.16	0
251.28	0
251.4	0
251.52	0
251.64	0
251.76	0
251.88	0
252	0
252.12	0
252.24	0
252.36	0
252.48	0
252.6	0
252.72	0
252.84	0
252.96	0
253.08	0
253.200000000001	0
253.320000000001	0
253.440000000001	0
253.560000000001	0
253.680000000001	0
253.800000000001	0
253.920000000001	0
254.040000000001	0
254.160000000001	0
254.280000000001	0
254.400000000001	0
254.520000000001	0
254.640000000001	0
254.760000000001	0
254.880000000001	0
255.000000000001	0
255.120000000001	0
255.240000000001	0
255.360000000001	0
255.480000000001	0
255.600000000001	0
255.720000000001	0
255.840000000001	0
255.960000000001	0
256.080000000001	0
256.200000000001	0
256.320000000001	0
256.440000000001	0
256.560000000001	0
256.680000000001	0
256.800000000001	0
256.920000000001	0
257.040000000001	0
257.160000000001	0
257.280000000001	0
257.400000000001	0
257.520000000001	0
257.640000000001	0
257.760000000001	0
257.880000000001	0
258.000000000001	0
258.120000000001	0
258.240000000001	0
258.360000000001	0
258.480000000001	0
258.600000000001	0
258.720000000001	0
258.840000000001	0
258.960000000001	0
259.080000000001	0
259.200000000001	0
259.320000000001	0
259.440000000001	0
259.560000000001	0
259.680000000001	0
259.800000000001	0
259.920000000001	0
260.04	16666.6665217943
260.16	0
260.28	0
260.4	0
260.52	0
260.64	0
260.76	0
260.88	0
261	0
261.12	0
261.24	0
261.36	0
261.48	0
261.6	0
261.72	0
261.84	0
261.96	0
262.08	0
262.2	0
262.32	0
262.44	0
262.56	0
262.68	0
262.8	0
262.92	0
263.04	0
263.16	0
263.28	0
263.4	0
263.52	0
263.64	0
263.76	0
263.88	0
264	0
264.12	0
264.24	0
264.36	0
264.48	0
264.6	0
264.72	0
264.84	0
264.96	0
265.08	0
265.2	0
265.32	0
265.44	0
265.56	0
265.68	0
265.8	0
265.92	0
266.04	0
266.16	0
266.28	0
266.4	0
266.52	0
266.64	0
266.76	0
266.88	0
267	0
267.12	0
267.24	0
267.36	0
267.48	0
267.6	0
267.72	0
267.84	0
267.96	0
268.08	0
268.2	0
268.32	0
268.44	0
268.56	0
268.68	0
268.8	0
268.92	0
269.04	0
269.16	0
269.28	0
269.4	0
269.52	0
269.64	0
269.76	0
269.88	0
270	0
270.12	0
270.24	0
270.36	0
270.48	0
270.6	0
270.72	0
270.84	0
270.96	0
271.08	0
271.2	0
271.32	0
271.44	0
271.56	0
271.68	0
271.8	0
271.92	0
272.04	0
272.16	0
272.28	0
272.4	0
272.52	0
272.64	0
272.760000000001	0
272.880000000001	0
273.000000000001	0
273.120000000001	0
273.240000000001	0
273.360000000001	0
273.480000000001	0
273.600000000001	0
273.720000000001	0
273.840000000001	0
273.960000000001	0
274.080000000001	0
274.200000000001	0
274.320000000001	0
274.440000000001	0
274.560000000001	0
274.680000000001	0
274.800000000001	0
274.920000000001	0
275.040000000001	0
275.160000000001	0
275.280000000001	0
275.400000000001	0
275.520000000001	0
275.640000000001	0
275.760000000001	0
275.880000000001	0
276.000000000001	0
276.120000000001	0
276.240000000001	0
276.360000000001	0
276.480000000001	0
276.600000000001	0
276.720000000001	0
276.840000000001	0
276.960000000001	0
277.080000000001	0
277.200000000001	0
277.320000000001	0
277.440000000001	0
277.560000000001	0
277.680000000001	0
277.800000000001	0
277.920000000001	0
278.040000000001	0
278.160000000001	0
278.280000000001	0
278.400000000001	0
278.520000000001	0
278.640000000001	0
278.760000000001	0
278.880000000001	0
279.000000000001	0
279.120000000001	0
279.240000000001	0
279.360000000001	0
279.480000000001	0
279.600000000001	0
279.720000000001	0
279.840000000001	0
279.960000000001	0
280.080000000001	0
280.200000000001	0
280.320000000001	0
280.440000000001	0
280.560000000001	0
280.680000000001	0
280.800000000001	0
280.920000000001	0
281.040000000001	0
281.160000000001	0
281.280000000001	0
281.400000000001	0
281.520000000001	0
281.640000000001	0
281.760000000001	0
281.880000000001	0
282.000000000001	0
282.120000000001	0
282.240000000001	0
282.360000000001	0
282.480000000001	0
282.600000000001	0
282.720000000001	0
282.840000000001	0
282.960000000001	0
283.080000000001	0
283.200000000001	0
283.320000000001	0
283.440000000001	0
283.560000000001	0
283.680000000001	0
283.800000000001	0
283.920000000001	0
284.040000000001	0
284.160000000001	0
284.280000000001	0
284.400000000001	0
284.520000000001	0
284.640000000001	0
284.760000000001	0
284.880000000001	0
285.000000000001	0
285.120000000001	0
285.240000000001	0
285.360000000001	0
285.480000000001	0
285.600000000001	0
285.720000000001	0
285.840000000001	0
285.960000000001	0
286.080000000001	0
286.200000000001	0
286.320000000001	0
286.440000000001	0
286.560000000001	0
286.680000000001	0
286.800000000001	0
286.920000000001	0
287.040000000001	0
287.160000000001	0
287.280000000001	0
287.400000000001	0
287.520000000001	0
287.640000000001	0
287.760000000001	0
287.880000000001	0
288.000000000001	0
288.120000000001	0
288.240000000001	0
288.360000000001	0
288.480000000001	0
288.600000000001	0
288.720000000001	0
288.840000000001	0
288.960000000001	0
289.080000000001	0
289.2	16666.6665217943
289.32	0
289.44	0
289.56	0
289.68	0
289.8	0
289.92	0
290.04	0
290.16	0
290.28	0
290.4	0
290.52	0
290.64	0
290.76	0
290.88	0
291	0
291.12	0
291.24	0
291.36	0
291.48	0
291.6	0
291.72	0
291.84	0
291.96	0
292.08	0
292.2	0
292.32	0
292.44	0
292.56	0
292.68	0
292.8	0
292.92	0
293.04	0
293.16	0
293.28	0
293.4	0
293.52	0
293.64	0
293.76	0
293.88	0
294	0
294.12	0
294.24	0
294.36	0
294.48	0
294.6	0
294.72	0
294.84	0
294.96	0
295.08	0
295.2	0
295.32	0
295.44	0
295.56	0
295.68	0
295.8	0
295.92	0
296.04	0
296.16	0
296.28	0
296.4	0
296.52	0
296.64	0
296.76	0
296.88	0
297	0
297.12	0
297.24	0
297.36	0
297.48	0
297.6	0
297.72	0
297.84	0
297.96	0
298.08	0
298.2	0
298.32	0
298.44	0
298.56	0
298.68	0
298.8	0
298.92	0
299.04	0
299.16	0
299.28	0
299.4	0
299.52	0
299.64	0
299.76	0
299.88	0
300	0
300.12	0
300.24	0
300.36	0
300.48	0
300.6	0
300.72	0
300.84	0
300.96	0
301.08	0
301.2	0
301.32	0
301.44	0
301.56	0
301.68	0
301.8	0
301.92	0
302.04	0
302.16	0
302.28	0
302.4	0
302.52	0
302.64	0
302.760000000001	0
302.880000000001	0
303.000000000001	0
303.120000000001	0
303.240000000001	0
303.360000000001	0
303.480000000001	0
303.600000000001	0
303.720000000001	0
303.840000000001	0
303.960000000001	0
304.080000000001	0
304.200000000001	0
304.320000000001	0
304.440000000001	0
304.560000000001	0
304.680000000001	0
304.800000000001	0
304.920000000001	0
305.040000000001	0
305.160000000001	0
305.280000000001	0
305.400000000001	0
305.520000000001	0
305.640000000001	0
305.760000000001	0
305.880000000001	0
306.000000000001	0
306.120000000001	0
306.240000000001	0
306.360000000001	0
306.480000000001	0
306.600000000001	0
306.720000000001	0
306.840000000001	0
306.960000000001	0
307.080000000001	0
307.200000000001	0
307.320000000001	0
307.440000000001	0
307.560000000001	0
307.680000000001	0
307.800000000001	0
307.920000000001	0
308.040000000001	0
308.160000000001	0
308.280000000001	0
308.400000000001	0
308.520000000001	0
308.640000000001	0
308.760000000001	0
308.880000000001	0
309.000000000001	0
309.120000000001	0
309.240000000001	0
309.360000000001	0
309.480000000001	0
309.600000000001	0
309.720000000001	0
309.840000000001	0
309.960000000001	0
310.080000000001	0
310.200000000001	0
310.320000000001	0
310.440000000001	0
310.560000000001	0
310.680000000001	0
310.800000000001	0
310.920000000001	0
311.040000000001	0
311.160000000001	0
311.280000000001	0
311.400000000001	0
311.520000000001	0
311.640000000001	0
311.760000000001	0
311.880000000001	0
312.000000000001	0
312.120000000001	0
312.240000000001	0
312.360000000001	0
312.480000000001	0
312.600000000001	0
312.720000000001	0
312.840000000001	0
312.960000000001	0
313.080000000001	0
313.200000000001	0
313.320000000001	0
313.440000000001	0
313.560000000001	0
313.680000000001	0
313.800000000001	0
313.920000000001	0
314.040000000001	0
314.160000000001	0
314.280000000001	0
314.400000000001	0
314.520000000001	0
314.640000000001	0
314.760000000001	0
314.880000000001	0
315.000000000001	0
315.120000000001	0
315.240000000001	0
315.360000000001	0
315.480000000001	0
315.600000000001	0
315.720000000001	0
315.840000000001	0
315.960000000001	0
316.080000000001	0
316.200000000001	0
316.320000000001	0
316.440000000001	0
316.560000000001	0
316.680000000001	0
316.800000000001	0
316.920000000001	0
317.040000000001	0
317.160000000001	0
317.280000000001	0
317.400000000001	0
317.520000000001	0
317.640000000001	0
317.760000000001	0
317.880000000001	0
318.000000000001	0
318.120000000001	0
318.240000000001	0
318.360000000001	0
318.480000000001	0
318.600000000001	0
318.720000000001	0
318.840000000001	0
318.960000000001	0
319.080000000001	0
319.200000000001	0
319.320000000001	0
319.440000000001	0
319.560000000001	0
319.680000000001	0
319.800000000001	0
319.920000000001	0
320.040000000001	0
320.160000000001	0
320.280000000001	0
320.400000000001	0
320.520000000001	0
320.640000000001	0
320.760000000001	0
320.880000000001	0
321.000000000001	0
321.120000000001	0
321.240000000001	0
321.360000000001	0
321.480000000001	0
321.600000000001	0
321.720000000001	0
321.840000000001	0
321.960000000001	0
322.080000000001	0
322.200000000001	0
322.320000000001	0
322.440000000001	0
322.560000000001	0
322.680000000001	0
322.800000000001	0
322.920000000001	0
323.040000000001	0
323.160000000001	0
323.280000000001	0
323.400000000001	0
323.520000000001	0
323.640000000001	0
323.760000000001	0
323.880000000001	0
324.000000000001	0
324.120000000001	0
324.240000000001	0
324.360000000001	0
324.480000000001	0
324.600000000001	0
324.720000000001	0
324.840000000001	0
324.960000000001	0
325.080000000001	0
325.200000000001	0
325.320000000001	0
325.440000000001	0
325.560000000001	0
325.680000000001	0
325.800000000001	0
325.920000000001	0
326.040000000001	0
326.160000000001	0
326.280000000001	0
326.400000000001	0
326.520000000001	0
326.640000000001	0
326.760000000001	0
326.880000000001	0
327	16666.6665217943
327.12	0
327.24	0
327.36	0
327.48	0
327.6	0
327.72	0
327.84	0
327.96	0
328.08	0
328.2	0
328.32	0
328.44	0
328.56	0
328.68	0
328.8	0
328.92	0
329.04	0
329.16	0
329.28	0
329.4	0
329.52	0
329.64	0
329.76	0
329.88	0
330	0
330.12	0
330.24	0
330.36	0
330.48	0
330.6	0
330.72	0
330.84	0
330.96	0
331.08	0
331.2	0
331.32	0
331.44	0
331.56	0
331.68	0
331.8	0
331.92	0
332.04	0
332.16	0
332.28	0
332.4	0
332.52	0
332.64	0
332.76	0
332.88	0
333	0
333.12	0
333.24	0
333.36	0
333.48	0
333.6	0
333.72	0
333.84	0
333.96	0
334.08	0
334.2	0
334.32	0
334.44	0
334.56	0
334.68	0
334.8	0
334.92	0
335.04	0
335.16	0
335.28	0
335.4	0
335.52	0
335.64	0
335.76	0
335.88	0
336	0
336.12	0
336.24	0
336.36	0
336.48	0
336.6	0
336.72	0
336.84	0
336.96	0
337.08	0
337.2	0
337.32	0
337.44	0
337.56	0
337.68	0
337.8	0
337.92	0
338.04	0
338.16	0
338.28	0
338.4	0
338.52	0
338.64	0
338.76	0
338.88	0
339	0
339.12	0
339.24	0
339.36	0
339.48	0
339.6	0
339.72	0
339.84	0
339.96	0
340.08	0
340.200000000001	0
340.320000000001	0
340.440000000001	0
340.560000000001	0
340.680000000001	0
340.800000000001	0
340.920000000001	0
341.040000000001	0
341.160000000001	0
341.280000000001	0
341.400000000001	0
341.520000000001	0
341.640000000001	0
341.760000000001	0
341.880000000001	0
342.000000000001	0
342.120000000001	0
342.240000000001	0
342.360000000001	0
342.480000000001	0
342.600000000001	0
342.720000000001	0
342.840000000001	0
342.960000000001	0
343.080000000001	0
343.200000000001	0
343.320000000001	0
343.440000000001	0
343.560000000001	0
343.680000000001	0
343.800000000001	0
343.920000000001	0
344.040000000001	0
344.160000000001	0
344.280000000001	0
344.400000000001	0
344.520000000001	0
344.640000000001	0
344.760000000001	0
344.880000000001	0
345.000000000001	0
345.120000000001	0
345.240000000001	0
345.360000000001	0
345.480000000001	0
345.600000000001	0
345.720000000001	0
345.840000000001	0
345.960000000001	0
346.080000000001	0
346.200000000001	0
346.320000000001	0
346.440000000001	0
346.560000000001	0
346.680000000001	0
346.800000000001	0
346.920000000001	0
347.040000000001	0
347.160000000001	0
347.280000000001	0
347.400000000001	0
347.520000000001	0
347.640000000001	0
347.760000000001	0
347.880000000001	0
348.000000000001	0
348.120000000001	0
348.240000000001	0
348.360000000001	0
348.480000000001	0
348.600000000001	0
348.720000000001	0
348.840000000001	0
348.960000000001	0
349.080000000001	0
349.200000000001	0
349.320000000001	0
349.440000000001	0
349.560000000001	0
349.680000000001	0
349.800000000001	0
349.920000000001	0
350.040000000001	0
350.160000000001	0
350.280000000001	0
350.400000000001	0
350.520000000001	0
350.640000000001	0
350.760000000001	0
350.880000000001	0
351.000000000001	0
351.120000000001	0
351.240000000001	0
351.360000000001	0
351.480000000001	0
351.600000000001	0
351.720000000001	0
351.840000000001	0
351.960000000001	0
352.080000000001	0
352.200000000001	0
352.320000000001	0
352.440000000001	0
352.560000000001	0
352.680000000001	0
352.800000000001	0
352.920000000001	0
353.040000000001	0
353.160000000001	0
353.280000000001	0
353.400000000001	0
353.520000000001	0
353.640000000001	0
353.760000000001	0
353.880000000001	0
354.000000000001	0
354.120000000001	0
354.240000000001	0
354.360000000001	0
354.480000000001	0
354.600000000001	0
354.720000000001	0
354.840000000001	0
354.960000000001	0
355.08	16666.6665217943
355.2	66666.6660871771
355.32	66666.6660871771
355.44	0
355.56	16666.6665217943
355.68	0
355.8	0
355.92	0
356.04	0
356.16	0
356.28	0
356.4	0
356.52	0
356.64	16666.6665217943
356.76	0
356.88	0
357	0
357.12	0
357.24	0
357.36	0
357.48	0
357.6	0
357.72	0
357.84	0
357.96	0
358.08	0
358.2	0
358.32	0
358.44	0
358.56	0
358.68	0
358.8	0
358.92	0
359.04	0
359.16	0
359.28	0
359.4	0
359.52	0
359.64	0
359.76	0
359.88	0
360	0
360.12	0
360.24	0
360.36	0
360.48	0
360.6	0
360.72	0
360.84	0
360.96	0
361.08	0
361.2	0
361.32	0
361.44	0
361.56	0
361.68	0
361.8	0
361.92	0
362.04	0
362.16	0
362.28	0
362.4	0
362.52	0
362.64	0
362.76	0
362.88	0
363	0
363.12	0
363.24	0
363.36	0
363.48	0
363.6	0
363.72	0
363.84	0
363.96	0
364.08	0
364.2	0
364.32	0
364.44	0
364.56	0
364.68	0
364.8	0
364.92	0
365.04	0
365.16	0
365.28	0
365.4	0
365.52	0
365.64	0
365.76	0
365.88	0
366	0
366.12	0
366.24	0
366.36	0
366.48	0
366.6	0
366.72	0
366.84	0
366.96	0
367.08	0
367.2	0
367.32	0
367.44	0
367.56	0
367.68	0
367.8	0
367.92	0
368.04	0
368.16	0
368.28	0
368.4	0
368.52	0
368.64	0
368.76	0
368.88	0
369	0
369.12	0
369.24	0
369.36	0
369.48	0
369.6	0
369.72	0
369.84	0
369.96	0
370.08	0
370.200000000001	0
370.320000000001	0
370.440000000001	0
370.560000000001	0
370.680000000001	0
370.800000000001	0
370.920000000001	0
371.040000000001	0
371.160000000001	0
371.280000000001	0
371.400000000001	0
371.520000000001	0
371.640000000001	0
371.760000000001	0
371.880000000001	0
372.000000000001	0
372.120000000001	0
372.240000000001	0
372.360000000001	0
372.480000000001	0
372.600000000001	0
372.720000000001	0
372.840000000001	0
372.960000000001	0
373.080000000001	0
373.200000000001	0
373.320000000001	0
373.440000000001	0
373.560000000001	0
373.680000000001	0
373.800000000001	0
373.920000000001	0
374.040000000001	0
374.160000000001	0
374.280000000001	0
374.400000000001	0
374.520000000001	0
374.640000000001	0
374.760000000001	0
374.880000000001	0
375.000000000001	0
375.120000000001	0
375.240000000001	0
375.360000000001	0
375.480000000001	0
375.600000000001	0
375.720000000001	0
375.840000000001	0
375.960000000001	0
376.080000000001	0
376.200000000001	0
376.320000000001	0
376.440000000001	0
376.560000000001	0
376.680000000001	0
376.800000000001	0
376.920000000001	0
377.040000000001	0
377.160000000001	0
377.280000000001	0
377.400000000001	0
377.520000000001	0
377.640000000001	0
377.760000000001	0
377.880000000001	0
378.000000000001	0
378.120000000001	0
378.240000000001	0
378.360000000001	0
378.480000000001	0
378.600000000001	0
378.720000000001	0
378.840000000001	0
378.960000000001	0
379.080000000001	0
379.200000000001	0
379.320000000001	0
379.440000000001	0
379.560000000001	0
379.680000000001	0
379.800000000001	0
379.920000000001	0
380.040000000001	0
380.160000000001	0
380.280000000001	0
380.400000000001	0
380.520000000001	0
380.640000000001	0
380.760000000001	0
380.880000000001	0
381.000000000001	0
381.120000000001	0
381.240000000001	0
381.360000000001	0
381.480000000001	0
381.600000000001	0
381.720000000001	0
381.840000000001	0
381.960000000001	0
382.080000000001	0
382.200000000001	0
382.320000000001	0
382.440000000001	0
382.560000000001	0
382.680000000001	0
382.800000000001	0
382.920000000001	0
383.040000000001	0
383.160000000001	0
383.280000000001	0
383.400000000001	0
383.520000000001	0
383.640000000001	0
383.760000000001	0
383.880000000001	0
384.000000000001	0
384.120000000001	0
384.240000000001	0
384.360000000001	0
384.480000000001	0
384.600000000001	0
384.720000000001	0
384.840000000001	0
384.960000000001	0
385.080000000001	0
385.200000000001	0
385.320000000001	0
385.440000000001	0
385.560000000001	0
385.680000000001	0
385.800000000001	0
385.920000000001	0
386.040000000001	0
386.160000000001	0
386.280000000001	0
386.400000000001	0
386.520000000001	0
386.640000000001	0
386.760000000001	0
386.880000000001	0
387.000000000001	0
387.12	66666.6660871771
387.24	116666.66565256
387.36	83333.3326089713
387.48	16666.6665217943
387.6	0
387.72	0
387.84	0
387.96	0
388.08	0
388.2	0
388.32	0
388.44	0
388.56	0
388.68	0
388.8	0
388.92	0
389.04	0
389.16	0
389.28	0
389.4	0
389.52	0
389.64	0
389.76	0
389.88	0
390	0
390.12	0
390.24	0
390.36	0
390.48	0
390.6	0
390.72	0
390.84	0
390.96	0
391.08	0
391.2	0
391.32	0
391.44	0
391.56	0
391.68	0
391.8	0
391.92	0
392.04	0
392.16	0
392.28	0
392.4	0
392.52	0
392.64	0
392.76	0
392.88	0
393	0
393.12	0
393.24	0
393.36	0
393.48	0
393.6	0
393.72	0
393.84	0
393.96	0
394.08	0
394.2	0
394.32	0
394.44	0
394.56	0
394.68	0
394.8	0
394.92	0
395.04	0
395.16	0
395.28	0
395.4	0
395.52	0
395.64	0
395.76	0
395.88	0
396	0
396.12	0
396.24	0
396.36	0
396.48	0
396.6	0
396.72	0
396.84	0
396.96	0
397.08	0
397.2	0
397.32	0
397.44	0
397.56	0
397.68	0
397.8	0
397.92	0
398.04	0
398.16	0
398.28	0
398.4	0
398.52	0
398.64	0
398.76	0
398.88	0
399	0
399.12	0
399.24	0
399.36	0
399.48	0
399.6	0
399.72	0
399.84	0
399.96	0
400.08	0
400.200000000001	0
400.320000000001	0
400.440000000001	0
400.560000000001	0
400.680000000001	0
400.800000000001	0
400.920000000001	0
401.040000000001	0
401.160000000001	0
401.280000000001	0
401.400000000001	0
401.520000000001	0
401.640000000001	0
401.760000000001	0
401.880000000001	0
402.000000000001	0
402.120000000001	0
402.240000000001	0
402.360000000001	0
402.480000000001	0
402.600000000001	0
402.720000000001	0
402.840000000001	0
402.960000000001	0
403.080000000001	0
403.200000000001	0
403.320000000001	0
403.440000000001	0
403.560000000001	0
403.680000000001	0
403.800000000001	0
403.920000000001	0
404.040000000001	0
404.160000000001	0
404.280000000001	0
404.400000000001	0
404.520000000001	0
404.640000000001	0
404.760000000001	0
404.880000000001	0
405.000000000001	0
405.120000000001	0
405.240000000001	0
405.360000000001	0
405.480000000001	0
405.600000000001	0
405.720000000001	0
405.840000000001	0
405.960000000001	0
406.080000000001	0
406.200000000001	0
406.320000000001	0
406.440000000001	0
406.560000000001	0
406.680000000001	0
406.800000000001	0
406.920000000001	0
407.040000000001	0
407.160000000001	0
407.280000000001	0
407.400000000001	0
407.520000000001	0
407.640000000001	0
407.760000000001	0
407.880000000001	0
408.000000000001	0
408.120000000001	0
408.240000000001	0
408.360000000001	0
408.480000000001	0
408.600000000001	0
408.720000000001	0
408.840000000001	0
408.960000000001	0
409.080000000001	0
409.200000000001	0
409.320000000001	0
409.440000000001	0
409.560000000001	0
409.680000000001	0
409.800000000001	0
409.920000000001	0
410.040000000001	0
410.160000000001	0
410.280000000001	0
410.400000000001	0
410.520000000001	0
410.640000000001	0
410.760000000001	0
410.880000000001	0
411.000000000001	0
411.120000000001	0
411.240000000001	0
411.360000000001	0
411.480000000001	0
411.600000000001	0
411.720000000001	0
411.840000000001	0
411.960000000001	0
412.080000000001	0
412.200000000001	0
412.320000000001	0
412.440000000001	0
412.560000000001	0
412.680000000001	0
412.800000000001	0
412.920000000001	0
413.040000000001	0
413.160000000001	0
413.280000000001	0
413.400000000001	0
413.520000000001	0
413.640000000001	0
413.760000000001	0
413.880000000001	0
414.000000000001	0
414.120000000001	0
414.240000000001	0
414.360000000001	0
414.480000000001	0
414.600000000001	0
414.720000000001	0
414.840000000001	0
414.960000000001	0
415.080000000001	0
415.200000000001	0
415.320000000001	0
415.440000000001	0
415.560000000001	0
415.680000000001	0
415.800000000001	0
415.920000000001	0
416.040000000001	0
416.160000000001	0
416.280000000001	0
416.400000000001	0
416.520000000001	0
416.640000000001	0
416.760000000001	0
416.880000000001	0
417.000000000001	0
417.120000000001	0
417.240000000001	0
417.360000000001	0
417.480000000001	0
417.600000000001	0
417.720000000001	0
417.840000000001	0
417.960000000001	0
418.080000000001	0
418.200000000001	0
418.320000000001	0
418.440000000001	0
418.560000000001	0
418.680000000001	0
418.800000000001	0
418.920000000001	0
419.040000000001	0
419.160000000001	0
419.280000000001	0
419.400000000001	0
419.520000000001	0
419.640000000001	0
419.760000000001	0
419.880000000001	0
420.000000000001	0
420.120000000001	0
420.240000000001	0
420.360000000001	0
420.480000000001	0
420.600000000001	0
420.720000000001	0
420.840000000001	0
420.960000000001	0
421.080000000001	0
421.200000000001	0
421.320000000001	0
421.440000000001	0
421.560000000001	0
421.680000000001	0
421.800000000001	0
421.920000000001	0
422.040000000001	0
422.160000000001	0
422.280000000001	0
422.400000000001	0
422.520000000001	0
422.640000000001	0
422.760000000001	0
422.880000000001	0
423.000000000001	0
423.120000000001	0
423.240000000001	0
423.360000000001	0
423.480000000001	0
423.600000000001	0
423.720000000001	0
423.840000000001	0
423.960000000001	0
424.080000000001	0
424.200000000001	0
424.320000000001	0
424.440000000001	0
424.560000000001	0
424.680000000001	0
424.800000000001	0
424.920000000001	0
425.040000000001	0
425.160000000001	0
425.280000000001	0
425.400000000001	0
425.520000000001	0
425.640000000001	0
425.760000000001	0
425.880000000001	0
426.000000000001	0
426.120000000001	0
426.240000000001	0
426.360000000001	0
426.480000000001	0
426.600000000002	0
426.720000000002	0
426.840000000002	0
426.960000000002	0
427.080000000002	0
427.200000000002	0
427.320000000002	0
427.440000000002	0
427.560000000002	0
427.680000000002	0
427.800000000002	0
427.920000000002	0
428.040000000002	0
428.160000000002	0
428.280000000002	0
428.400000000002	0
428.520000000002	0
428.640000000002	0
428.760000000002	0
428.880000000002	0
429.000000000002	0
429.120000000002	0
429.240000000002	0
429.360000000002	0
429.480000000002	0
429.600000000002	0
429.720000000002	0
429.840000000002	0
429.960000000002	0
430.080000000002	0
430.200000000002	0
430.320000000002	0
430.440000000002	0
430.560000000002	0
430.680000000002	0
430.800000000002	0
430.920000000002	0
431.040000000002	0
431.160000000002	0
431.280000000002	0
431.400000000002	0
431.520000000002	0
431.640000000002	0
431.760000000002	0
431.880000000002	0
432.000000000002	0
432.120000000002	0
432.240000000002	0
432.360000000002	0
432.480000000002	0
432.600000000002	0
432.720000000002	0
432.840000000002	0
432.960000000002	0
433.080000000002	0
433.200000000002	0
433.320000000002	0
433.440000000002	0
433.560000000002	0
433.680000000002	0
433.800000000002	0
433.920000000002	0
434.040000000002	0
434.160000000002	0
434.280000000002	0
434.400000000002	0
434.520000000002	0
434.640000000002	0
434.760000000002	0
434.880000000002	0
435.000000000002	0
435.120000000002	0
435.240000000002	0
435.360000000002	0
435.480000000002	0
435.600000000002	0
435.720000000002	0
435.840000000002	0
435.960000000002	0
436.080000000002	0
436.200000000002	0
436.320000000002	0
436.440000000002	0
436.560000000002	0
436.680000000002	0
436.800000000002	0
436.920000000002	0
437.040000000002	0
437.160000000002	0
437.280000000002	0
437.400000000002	0
437.520000000002	0
437.640000000002	0
437.760000000002	0
437.880000000002	0
438.000000000002	0
438.120000000002	0
438.240000000002	0
438.360000000002	0
438.480000000002	0
438.600000000002	0
438.720000000002	0
438.840000000002	0
438.960000000002	0
439.080000000002	0
439.200000000002	0
439.320000000002	0
439.440000000002	0
439.560000000002	0
439.680000000002	0
439.800000000002	0
439.920000000002	0
440.040000000002	0
440.160000000002	0
440.280000000002	0
440.400000000002	0
440.520000000002	0
440.640000000002	0
440.760000000002	0
440.880000000002	0
441.000000000002	0
441.120000000002	0
441.240000000002	0
441.360000000002	0
441.480000000002	0
441.600000000002	0
441.720000000002	0
441.840000000002	0
441.960000000002	0
442.080000000002	0
442.200000000002	0
442.320000000002	0
442.440000000002	0
442.560000000002	0
442.680000000002	0
442.800000000002	0
442.920000000002	0
443.040000000002	0
443.160000000002	0
443.280000000002	0
443.400000000002	0
443.520000000002	0
443.640000000002	0
443.760000000002	0
443.880000000002	0
444.000000000002	0
444.120000000002	0
444.240000000002	0
444.360000000002	0
444.480000000002	0
444.600000000002	0
444.720000000002	0
444.840000000002	0
444.960000000002	0
445.080000000002	0
445.200000000002	0
445.320000000002	0
445.440000000002	0
445.560000000002	0
445.680000000002	0
445.800000000002	0
445.920000000002	0
446.040000000002	0
446.160000000002	0
446.280000000002	0
446.400000000002	0
446.520000000002	0
446.640000000002	0
446.760000000002	0
446.880000000002	0
447.000000000002	0
447.120000000002	0
447.240000000002	0
447.360000000002	0
447.480000000002	0
447.600000000002	0
447.720000000002	0
447.840000000002	0
447.960000000002	0
448.080000000002	0
448.200000000002	0
448.320000000002	0
448.440000000002	0
448.560000000002	0
448.680000000002	0
448.800000000002	0
448.920000000002	0
449.040000000002	0
449.160000000002	0
449.280000000002	0
449.400000000002	0
449.520000000002	0
449.640000000002	0
449.760000000002	0
449.880000000002	0
